4 0.74609375 0.3857421875 0.197265625 0.138671875
4 0.13671875 0.962890625 0.130859375 0.07421875
4 0.57421875 0.3662109375 0.189453125 0.123046875
4 0.642578125 0.712890625 0.201171875 0.1328125
4 0.4873046875 0.900390625 0.1904296875 0.14453125
4 0.599609375 0.18359375 0.353515625 0.14453125
4 0.466796875 0.5068359375 0.1787109375 0.123046875
4 0.046875 0.037109375 0.068359375 0.07421875
4 0.37109375 0.8671875 0.1884765625 0.125
4 0.1552734375 0.0458984375 0.0732421875 0.076171875
4 0.6240234375 0.92578125 0.185546875 0.14453125
4 0.2490234375 0.056640625 0.091796875 0.0859375
4 0.7255859375 0.0322265625 0.109375 0.064453125
4 0.3515625 0.48828125 0.177734375 0.12109375
4 0.0224609375 0.0361328125 0.044921875 0.072265625
4 0.087890625 0.9287109375 0.1318359375 0.107421875
4 0.0458984375 0.41796875 0.091796875 0.11328125
4 0.0859375 0.294921875 0.1123046875 0.0859375
4 0.5068359375 0.087890625 0.1357421875 0.17578125
4 0.8896484375 0.7744140625 0.2001953125 0.181640625
4 0.21875 0.16015625 0.13671875 0.11328125
4 0.6171875 0.5322265625 0.189453125 0.119140625
4 0.357421875 0.072265625 0.107421875 0.09375
4 0.58203125 0.0595703125 0.138671875 0.115234375
4 0.74609375 0.56640625 0.2080078125 0.1328125
4 0.3046875 0.1708984375 0.1474609375 0.123046875
4 0.439453125 0.0576171875 0.134765625 0.115234375
4 0.265625 0.4521484375 0.150390625 0.134765625
4 0.087890625 0.1455078125 0.10546875 0.107421875
4 0.416015625 0.1865234375 0.1396484375 0.099609375
4 0.2412109375 0.3095703125 0.1396484375 0.103515625
4 0.0244140625 0.5400390625 0.0478515625 0.091796875
4 0.076171875 0.73828125 0.15234375 0.140625
4 0.5224609375 0.6806640625 0.18359375 0.126953125
4 0.166015625 0.4375 0.146484375 0.12890625
4 0.892578125 0.42578125 0.2041015625 0.12890625
4 0.4111328125 0.6494140625 0.177734375 0.115234375
4 0.75 0.0927734375 0.1787109375 0.103515625
4 0.1884765625 0.76953125 0.14453125 0.12890625
4 0.884765625 0.599609375 0.2119140625 0.140625
4 0.0361328125 0.138671875 0.072265625 0.09765625
4 0.150390625 0.1552734375 0.111328125 0.107421875
4 0.0380859375 0.681640625 0.076171875 0.12109375
4 0.3359375 0.3251953125 0.16796875 0.115234375
4 0.3076171875 0.0625 0.091796875 0.08203125
4 0.4453125 0.3408203125 0.177734375 0.119140625
4 0.7666015625 0.75390625 0.212890625 0.14453125
4 0.0576171875 0.548828125 0.115234375 0.09375
4 0.27734375 0.6142578125 0.1865234375 0.123046875
4 0.09765625 0.4326171875 0.126953125 0.099609375
4 0.2041015625 0.0458984375 0.0810546875 0.091796875
4 0.701171875 0.2099609375 0.169921875 0.134765625
4 0.115234375 0.044921875 0.0703125 0.0703125
4 0.7861328125 0.9326171875 0.1943359375 0.134765625
4 0.189453125 0.5927734375 0.15625 0.111328125
4 0.078125 0.041015625 0.0703125 0.08203125
4 0.6494140625 0.0849609375 0.134765625 0.095703125
4 0.9189453125 0.095703125 0.1328125 0.1171875
4 0.041015625 0.275390625 0.08203125 0.09765625
4 0.2822265625 0.810546875 0.169921875 0.140625
4 0.1162109375 0.5751953125 0.1328125 0.091796875
4 0.1494140625 0.2998046875 0.1240234375 0.099609375
4 0.8857421875 0.2119140625 0.2177734375 0.166015625