4 0.744140625 0.5087890625 0.0439453125 0.0595703125
4 0.4482421875 0.52734375 0.193359375 0.1875
4 0.6064453125 0.9482421875 0.107421875 0.103515625
4 0.689453125 0.4853515625 0.08203125 0.0712890625
4 0.7216796875 0.591796875 0.068359375 0.05859375
4 0.6982421875 0.9365234375 0.052734375 0.126953125
4 0.6875 0.5234375 0.1298828125 0.0888671875
4 0.4990234375 0.140625 0.154296875 0.158203125
4 0.630859375 0.373046875 0.0654296875 0.109375
4 0.72265625 0.8125 0.0556640625 0.0908203125
4 0.6044921875 0.1591796875 0.068359375 0.1064453125
4 0.71484375 0.279296875 0.0400390625 0.0556640625
4 0.6337890625 0.9482421875 0.052734375 0.103515625
4 0.66015625 0.595703125 0.0654296875 0.123046875
4 0.736328125 0.78125 0.0615234375 0.1298828125
4 0.6943359375 0.9794921875 0.025390625 0.041015625
4 0.67578125 0.3232421875 0.0595703125 0.0771484375
4 0.740234375 0.5458984375 0.0302734375 0.0556640625
4 0.548828125 0.4462890625 0.1513671875 0.146484375
4 0.5771484375 0.732421875 0.142578125 0.1591796875
4 0.23046875 0.1328125 0.3544921875 0.2646484375
4 0.41015625 0.1474609375 0.2119140625 0.17578125
4 0.181640625 0.8564453125 0.36328125 0.287109375
4 0.6796875 0.7197265625 0.06640625 0.109375
4 0.767578125 0.5625 0.02734375 0.064453125
4 0.46484375 0.96875 0.2001953125 0.0625
4 0.6298828125 0.1552734375 0.091796875 0.0966796875
4 0.640625 0.3427734375 0.0849609375 0.0908203125
4 0.591796875 0.9541015625 0.0791015625 0.091796875
4 0.677734375 0.8046875 0.0419921875 0.09765625
4 0.708984375 0.6474609375 0.095703125 0.0908203125
4 0.6953125 0.4501953125 0.064453125 0.0654296875
4 0.6474609375 0.1552734375 0.0703125 0.087890625
4 0.115234375 0.14453125 0.2294921875 0.287109375
4 0.494140625 0.88671875 0.181640625 0.21484375
4 0.30078125 0.6611328125 0.32421875 0.2177734375