0 0.814453125 0.4462890625 0.1953125 0.4111328125
0 0.6806640625 0.9072265625 0.08984375 0.1845703125
0 0.453125 0.2978515625 0.140625 0.2841796875
0 0.5712890625 0.873046875 0.130859375 0.25390625
0 0.5830078125 0.3603515625 0.15625 0.2734375
0 0.248046875 0.248046875 0.064453125 0.1337890625
0 0.3388671875 0.2724609375 0.09375 0.2080078125
0 0.302734375 0.5078125 0.0810546875 0.1640625
0 0.212890625 0.2373046875 0.04296875 0.109375
0 0.6923828125 0.4345703125 0.14453125 0.3681640625
0 0.408203125 0.2861328125 0.09765625 0.24609375
0 0.333984375 0.5673828125 0.091796875 0.1884765625
0 0.5 0.7939453125 0.1337890625 0.2060546875
0 0.88671875 0.4892578125 0.2265625 0.4775390625
0 0.3935546875 0.6318359375 0.095703125 0.1875
0 0.28125 0.2587890625 0.072265625 0.1669921875
0 0.310546875 0.2666015625 0.0791015625 0.18359375
0 0.3662109375 0.2802734375 0.107421875 0.2275390625
0 0.466796875 0.7490234375 0.1171875 0.2001953125
0 0.26171875 0.4716796875 0.0537109375 0.1337890625
0 0.40625 0.6650390625 0.1171875 0.1904296875
0 0.2197265625 0.4150390625 0.044921875 0.1181640625
0 0.794921875 0.9599609375 0.1865234375 0.0791015625
0 0.5341796875 0.34765625 0.138671875 0.2470703125