4 0.58984375 0.017578125 0.0732421875 0.03515625
4 0.7490234375 0.8115234375 0.09765625 0.228515625
4 0.240234375 0.9091796875 0.0966796875 0.181640625
4 0.5068359375 0.0146484375 0.0849609375 0.029296875
4 0.3798828125 0.5654296875 0.126953125 0.326171875
4 0.8720703125 0.0478515625 0.07421875 0.095703125
4 0.79296875 0.5244140625 0.1240234375 0.228515625
4 0.884765625 0.23828125 0.0830078125 0.21875
4 0.1357421875 0.912109375 0.0947265625 0.17578125
4 0.6005859375 0.1982421875 0.0830078125 0.294921875
4 0.6982421875 0.84765625 0.0966796875 0.24609375
4 0.0791015625 0.1708984375 0.1201171875 0.341796875
4 0.494140625 0.8759765625 0.1005859375 0.248046875
4 0.6123046875 0.5458984375 0.1142578125 0.271484375
4 0.9599609375 0.4677734375 0.080078125 0.177734375
4 0.4609375 0.17578125 0.087890625 0.28515625
4 0.0341796875 0.9326171875 0.068359375 0.134765625
4 0.11328125 0.607421875 0.138671875 0.37109375
4 0.9521484375 0.7685546875 0.0947265625 0.185546875
4 0.73828125 0.53515625 0.1142578125 0.23828125
4 0.7119140625 0.03125 0.068359375 0.0625
4 0.84375 0.5185546875 0.1123046875 0.220703125
4 0.4697265625 0.5654296875 0.0966796875 0.294921875
4 0.8427734375 0.787109375 0.109375 0.22265625
4 0.8369140625 0.853515625 0.1123046875 0.20703125
4 0.9794921875 0.060546875 0.041015625 0.109375
4 0.666015625 0.208984375 0.087890625 0.26953125
4 0.5771484375 0.1708984375 0.1904296875 0.341796875
4 0.56640625 0.859375 0.10546875 0.27734375
4 0.6376953125 0.84375 0.0888671875 0.2578125
4 0.916015625 0.0537109375 0.068359375 0.107421875
4 0.326171875 0.8916015625 0.1064453125 0.216796875
4 0.0126953125 0.1435546875 0.025390625 0.287109375
4 0.376953125 0.193359375 0.0859375 0.296875
4 0.8935546875 0.5078125 0.1064453125 0.2109375
4 0.1826171875 0.169921875 0.1318359375 0.33984375
4 0.8994140625 0.765625 0.0908203125 0.20703125
4 0.544921875 0.55078125 0.1083984375 0.27734375
4 0.8232421875 0.7314453125 0.0712890625 0.111328125
4 0.2099609375 0.595703125 0.103515625 0.34375
4 0.2861328125 0.173828125 0.0947265625 0.33203125
4 0.2998046875 0.5830078125 0.1083984375 0.333984375
4 0.02734375 0.5947265625 0.0546875 0.353515625
4 0.939453125 0.4931640625 0.12109375 0.197265625
4 0.830078125 0.2265625 0.1259765625 0.2265625
4 0.677734375 0.5380859375 0.1142578125 0.263671875
4 0.974609375 0.1865234375 0.05078125 0.314453125
4 0.8193359375 0.0419921875 0.056640625 0.083984375
4 0.9521484375 0.0556640625 0.0732421875 0.111328125
4 0.7294921875 0.2080078125 0.0908203125 0.259765625
4 0.65625 0.029296875 0.0625 0.05859375
4 0.4189453125 0.888671875 0.1025390625 0.22265625
4 0.767578125 0.037109375 0.064453125 0.07421875
4 0.9375 0.23828125 0.0859375 0.21484375