4 0.875 0.1357421875 0.154296875 0.197265625
4 0.2109375 0.7978515625 0.251953125 0.396484375
4 0.6875 0.154296875 0.1982421875 0.23828125
4 0.818359375 0.4990234375 0.2099609375 0.283203125
4 0.6142578125 0.166015625 0.1943359375 0.2734375
4 0.78515625 0.8544921875 0.158203125 0.291015625
4 0.50390625 0.6484375 0.236328125 0.3359375
4 0.9609375 0.37109375 0.0771484375 0.1015625
4 0.462890625 0.2080078125 0.2255859375 0.318359375
4 0.6806640625 0.5634765625 0.2109375 0.294921875
4 0.0322265625 0.951171875 0.0634765625 0.09765625
4 0.9677734375 0.8193359375 0.064453125 0.201171875
4 0.927734375 0.12890625 0.134765625 0.1875
4 0.8037109375 0.1259765625 0.173828125 0.240234375
4 0.4404296875 0.9541015625 0.1484375 0.091796875
4 0.7451171875 0.5302734375 0.205078125 0.279296875
4 0.90234375 0.962890625 0.1064453125 0.07421875
4 0.8681640625 0.833984375 0.1689453125 0.33203125
4 0.3115234375 0.7548828125 0.2548828125 0.380859375
4 0.16015625 0.2822265625 0.2265625 0.345703125
4 0.412109375 0.693359375 0.2421875 0.34375
4 0.369140625 0.232421875 0.2314453125 0.33203125
4 0.1064453125 0.8330078125 0.212890625 0.333984375
4 0.6669921875 0.8759765625 0.1171875 0.248046875
4 0.5849609375 0.9091796875 0.15234375 0.181640625
4 0.947265625 0.4130859375 0.10546875 0.177734375
4 0.6083984375 0.615234375 0.2470703125 0.31640625
4 0.9482421875 0.673828125 0.0888671875 0.1640625
4 0.970703125 0.638671875 0.05859375 0.16796875
4 0.2626953125 0.2509765625 0.2099609375 0.314453125
4 0.5400390625 0.1904296875 0.2099609375 0.275390625
4 0.0205078125 0.4638671875 0.041015625 0.134765625
4 0.7412109375 0.1337890625 0.1845703125 0.240234375
4 0.9140625 0.4375 0.171875 0.23828125
4 0.921875 0.8095703125 0.15625 0.380859375
4 0.970703125 0.3193359375 0.05859375 0.056640625
4 0.9404296875 0.095703125 0.119140625 0.1875
4 0.0810546875 0.318359375 0.162109375 0.3359375
4 0.8623046875 0.462890625 0.17578125 0.25