4 0.3037109375 0.46875 0.142578125 0.1259765625
4 0.5 0.9482421875 0.140625 0.103515625
4 0.5146484375 0.15234375 0.134765625 0.1376953125
4 0.15625 0.15234375 0.15625 0.1318359375
4 0.6396484375 0.806640625 0.123046875 0.1201171875
4 0.498046875 0.759765625 0.16796875 0.140625
4 0.3955078125 0.1435546875 0.158203125 0.1552734375
4 0.193359375 0.466796875 0.11328125 0.115234375
4 0.2548828125 0.1591796875 0.166015625 0.1181640625
4 0.71484375 0.8134765625 0.0703125 0.1064453125
4 0.6494140625 0.6962890625 0.142578125 0.1474609375
4 0.421875 0.486328125 0.1484375 0.123046875
4 0.67578125 0.9599609375 0.06640625 0.080078125
4 0.2880859375 0.7265625 0.185546875 0.1298828125
4 0.21484375 0.923828125 0.16796875 0.1435546875
4 0.6044921875 0.94921875 0.115234375 0.1005859375
4 0.740234375 0.7060546875 0.08203125 0.1376953125
4 0.3173828125 0.93359375 0.142578125 0.1328125
4 0.73046875 0.7509765625 0.1015625 0.228515625
4 0.53515625 0.484375 0.15625 0.1328125
4 0.40234375 0.744140625 0.19921875 0.1328125
4 0.203125 0.72265625 0.18359375 0.126953125
4 0.6484375 0.744140625 0.140625 0.244140625
4 0.4111328125 0.9453125 0.150390625 0.109375
4 0.658203125 0.1494140625 0.1640625 0.1435546875
4 0.818359375 0.150390625 0.2109375 0.1474609375