2 0.8671875 0.3994140625 0.1064453125 0.3173828125
2 0.2509765625 0.9453125 0.095703125 0.109375
2 0.7841796875 0.7080078125 0.08203125 0.1474609375
2 0.59375 0.2060546875 0.25 0.1748046875
2 0.6171875 0.4619140625 0.1376953125 0.3974609375
2 0.4814453125 0.875 0.111328125 0.1689453125
2 0.708984375 0.7451171875 0.0771484375 0.154296875
2 0.76171875 0.392578125 0.1123046875 0.3662109375
2 0.2626953125 0.6240234375 0.138671875 0.4091796875
2 0.44140625 0.513671875 0.1689453125 0.2900390625
2 0.09765625 0.6865234375 0.1943359375 0.4052734375
2 0.63671875 0.783203125 0.0859375 0.1552734375
2 0.560546875 0.8330078125 0.0869140625 0.1767578125
2 0.892578125 0.6435546875 0.0791015625 0.1337890625
2 0.3603515625 0.8974609375 0.11328125 0.205078125
2 0.9619140625 0.6259765625 0.076171875 0.169921875
2 0.017578125 0.8408203125 0.0341796875 0.2109375
2 0.849609375 0.6767578125 0.0634765625 0.1435546875
2 0.3779296875 0.5302734375 0.162109375 0.3818359375
2 0.9345703125 0.298828125 0.130859375 0.40234375
0 0.1259765625 0.26953125 0.2197265625 0.5078125