4 0.14453125 0.734375 0.2890625 0.2744140625
4 0.654296875 0.3232421875 0.2294921875 0.0927734375
4 0.6162109375 0.21875 0.095703125 0.119140625
4 0.5400390625 0.251953125 0.173828125 0.1357421875
4 0.599609375 0.7060546875 0.2119140625 0.3173828125
4 0.55859375 0.2392578125 0.2109375 0.1591796875
4 0.45703125 0.4794921875 0.1962890625 0.236328125
4 0.7783203125 0.4833984375 0.23046875 0.2080078125
4 0.83203125 0.3408203125 0.1513671875 0.126953125
4 0.7822265625 0.095703125 0.06640625 0.068359375
4 0.4111328125 0.306640625 0.248046875 0.1689453125
4 0.6630859375 0.4052734375 0.234375 0.1572265625
4 0.7626953125 0.2626953125 0.197265625 0.078125
4 0.4326171875 0.3984375 0.201171875 0.1904296875
4 0.4140625 0.275390625 0.2431640625 0.1123046875
4 0.6630859375 0.62890625 0.220703125 0.271484375
4 0.13671875 0.25390625 0.2119140625 0.099609375
4 0.744140625 0.1513671875 0.134765625 0.0966796875
4 0.8837890625 0.5244140625 0.2265625 0.232421875
4 0.15234375 0.373046875 0.283203125 0.236328125
4 0.123046875 0.3134765625 0.2451171875 0.193359375
4 0.669921875 0.11328125 0.1142578125 0.06640625
4 0.14453125 0.615234375 0.2880859375 0.2119140625