4 0.181640625 0.880859375 0.2021484375 0.1328125
4 0.1943359375 0.4140625 0.244140625 0.15625
4 0.5205078125 0.1611328125 0.21484375 0.146484375
4 0.533203125 0.6474609375 0.197265625 0.1298828125
4 0.828125 0.15234375 0.24609375 0.158203125
4 0.1962890625 0.158203125 0.24609375 0.169921875
4 0.830078125 0.4091796875 0.2265625 0.1357421875
4 0.5400390625 0.8701171875 0.212890625 0.134765625
4 0.203125 0.65234375 0.2177734375 0.1328125
4 0.533203125 0.4072265625 0.2373046875 0.1494140625
4 0.810546875 0.626953125 0.21484375 0.1591796875
4 0.8125 0.8525390625 0.21484375 0.1650390625