4 0.7236328125 0.6240234375 0.068359375 0.0478515625
4 0.748046875 0.7529296875 0.0322265625 0.0341796875
4 0.2822265625 0.8955078125 0.232421875 0.208984375
4 0.2958984375 0.5224609375 0.259765625 0.1923828125
4 0.720703125 0.4853515625 0.0498046875 0.05859375
4 0.5498046875 0.2587890625 0.072265625 0.0908203125
4 0.6083984375 0.2783203125 0.076171875 0.09375
4 0.4541015625 0.8037109375 0.1640625 0.1142578125
4 0.4208984375 0.189453125 0.1337890625 0.1279296875
4 0.4619140625 0.5068359375 0.16796875 0.1337890625
4 0.6005859375 0.7294921875 0.09765625 0.0986328125
4 0.734375 0.7880859375 0.0400390625 0.029296875
4 0.7412109375 0.48828125 0.0537109375 0.0537109375
4 0.5068359375 0.244140625 0.1103515625 0.0830078125
4 0.1474609375 0.544921875 0.2822265625 0.2265625
4 0.3251953125 0.12890625 0.1943359375 0.16796875
4 0.6630859375 0.4951171875 0.0703125 0.0615234375
4 0.7001953125 0.486328125 0.072265625 0.072265625
4 0.65625 0.904296875 0.103515625 0.0478515625
4 0.7109375 0.8037109375 0.0615234375 0.0341796875
4 0.14453125 0.0771484375 0.2890625 0.154296875
4 0.6201171875 0.705078125 0.087890625 0.06640625
4 0.7314453125 0.6123046875 0.06640625 0.05078125
4 0.7412109375 0.7724609375 0.0380859375 0.0341796875
4 0.1474609375 0.9306640625 0.2060546875 0.138671875
4 0.6474609375 0.6826171875 0.0859375 0.064453125
4 0.6904296875 0.322265625 0.0595703125 0.064453125
4 0.572265625 0.50390625 0.1318359375 0.095703125
4 0.3837890625 0.51171875 0.1884765625 0.16015625
4 0.6357421875 0.9267578125 0.1083984375 0.044921875
4 0.693359375 0.6357421875 0.0703125 0.0615234375
4 0.6435546875 0.4951171875 0.080078125 0.072265625
4 0.619140625 0.4990234375 0.08203125 0.07421875
4 0.38671875 0.853515625 0.1943359375 0.1435546875