4 0.287109375 0.845703125 0.25 0.08203125
4 0.76953125 0.3359375 0.25390625 0.1142578125
4 0.6376953125 0.1767578125 0.259765625 0.0693359375
4 0.728515625 0.8115234375 0.24609375 0.0693359375
4 0.3681640625 0.1630859375 0.232421875 0.09765625
4 0.2109375 0.3291015625 0.2578125 0.125
4 0.2802734375 0.6806640625 0.185546875 0.0693359375
4 0.427734375 0.359375 0.21484375 0.060546875
4 0.7373046875 0.861328125 0.279296875 0.0703125
4 0.173828125 0.6689453125 0.203125 0.1298828125
4 0.4365234375 0.8193359375 0.197265625 0.146484375
4 0.5791015625 0.669921875 0.158203125 0.0703125
4 0.833984375 0.69140625 0.1875 0.0693359375
4 0.1982421875 0.1787109375 0.294921875 0.0693359375
4 0.546875 0.3408203125 0.23046875 0.1123046875
4 0.2802734375 0.5400390625 0.291015625 0.0498046875
4 0.1240234375 0.36328125 0.185546875 0.0703125
4 0.7099609375 0.365234375 0.146484375 0.064453125
4 0.71484375 0.6728515625 0.16796875 0.123046875
4 0.455078125 0.6748046875 0.14453125 0.126953125
4 0.783203125 0.162109375 0.22265625 0.099609375
1 0.646484375 0.509765625 0.6484375 0.51171875 0.65625 0.51171875 0.662109375 0.515625 0.669921875 0.515625 0.67578125 0.51953125 0.689453125 0.521484375 0.69921875 0.529296875 0.69921875 0.533203125 0.70703125 0.544921875 0.7109375 0.544921875 0.720703125 0.55078125 0.732421875 0.55078125 0.7421875 0.5546875 0.751953125 0.5546875 0.75390625 0.552734375 0.76171875 0.556640625 0.77734375 0.55078125 0.791015625 0.55078125 0.794921875 0.548828125 0.80078125 0.5546875 0.798828125 0.560546875 0.794921875 0.564453125 0.791015625 0.564453125 0.78515625 0.568359375 0.73046875 0.5703125 0.728515625 0.568359375 0.658203125 0.568359375 0.65234375 0.564453125 0.5859375 0.5625 0.583984375 0.560546875 0.564453125 0.55859375 0.53125 0.54296875 0.52734375 0.537109375 0.52734375 0.52734375 0.533203125 0.521484375 0.5546875 0.51953125 0.556640625 0.521484375 0.572265625 0.521484375 0.583984375 0.525390625 0.611328125 0.51171875 0.64453125 0.51171875
1 0.853515625 0.419921875 0.859375 0.421875 0.87109375 0.431640625 0.873046875 0.435546875 0.873046875 0.447265625 0.86328125 0.466796875 0.83984375 0.4921875 0.833984375 0.50390625 0.826171875 0.51171875 0.82421875 0.517578125 0.8125 0.533203125 0.794921875 0.546875 0.77734375 0.548828125 0.771484375 0.552734375 0.748046875 0.552734375 0.74609375 0.5546875 0.740234375 0.548828125 0.71484375 0.546875 0.705078125 0.537109375 0.701171875 0.529296875 0.701171875 0.517578125 0.708984375 0.505859375 0.734375 0.484375 0.74609375 0.462890625 0.775390625 0.4453125 0.791015625 0.427734375 0.798828125 0.42578125 0.802734375 0.421875 0.806640625 0.421875 0.8125 0.41796875 0.849609375 0.41796875 0.8515625 0.419921875
1 0.322265625 0.517578125 0.32421875 0.51953125 0.337890625 0.51953125 0.357421875 0.529296875 0.41796875 0.52734375 0.423828125 0.53125 0.423828125 0.5390625 0.41796875 0.54296875 0.41015625 0.54296875 0.404296875 0.546875 0.38671875 0.548828125 0.369140625 0.5546875 0.357421875 0.5546875 0.34375 0.55859375 0.322265625 0.55859375 0.30859375 0.5625 0.2890625 0.5625 0.28515625 0.560546875 0.283203125 0.5625 0.203125 0.5625 0.201171875 0.564453125 0.158203125 0.5625 0.15625 0.560546875 0.142578125 0.55859375 0.13671875 0.552734375 0.134765625 0.544921875 0.13671875 0.5390625 0.14453125 0.53515625 0.158203125 0.53515625 0.162109375 0.5390625 0.16796875 0.5390625 0.181640625 0.544921875 0.18359375 0.54296875 0.232421875 0.54296875 0.234375 0.541015625 0.248046875 0.5390625 0.275390625 0.51953125 0.28515625 0.521484375 0.287109375 0.51953125 0.3203125 0.517578125
1 0.2109375 0.4755859375 0.12890625 0.1220703125