4 0.5859375 0.892578125 0.13671875 0.1142578125
4 0.6962890625 0.73828125 0.150390625 0.0908203125
4 0.4951171875 0.3310546875 0.208984375 0.072265625
4 0.517578125 0.5849609375 0.21875 0.0732421875
4 0.814453125 0.5009765625 0.21484375 0.0791015625
4 0.8076171875 0.375 0.228515625 0.068359375
4 0.81640625 0.6337890625 0.21875 0.0732421875
4 0.2158203125 0.5791015625 0.220703125 0.07421875
4 0.2021484375 0.33984375 0.228515625 0.0654296875
4 0.1484375 0.880859375 0.1796875 0.103515625
4 0.2705078125 0.7314453125 0.103515625 0.0947265625
4 0.513671875 0.7392578125 0.16015625 0.0869140625
4 0.28515625 0.876953125 0.17578125 0.109375
4 0.8427734375 0.74609375 0.181640625 0.0859375
4 0.7451171875 0.89453125 0.126953125 0.12109375
4 0.7958984375 0.248046875 0.224609375 0.064453125
4 0.1953125 0.2060546875 0.21484375 0.0703125
4 0.1591796875 0.7373046875 0.158203125 0.0556640625
4 0.2333984375 0.4609375 0.220703125 0.06640625
4 0.8505859375 0.8994140625 0.134765625 0.119140625
4 0.5029296875 0.4658203125 0.220703125 0.072265625
4 0.431640625 0.8818359375 0.18359375 0.11328125