4 0.8896484375 0.3994140625 0.09765625 0.173828125
4 0.7529296875 0.35546875 0.07421875 0.125
4 0.5361328125 0.2919921875 0.0712890625 0.095703125
4 0.54296875 0.5322265625 0.7939453125 0.490234375
4 0.6826171875 0.3291015625 0.0673828125 0.126953125
4 0.9931640625 0.529296875 0.0126953125 0.05078125
4 0.0927734375 0.55859375 0.1064453125 0.13671875
4 0.365234375 0.26171875 0.056640625 0.09375
4 0.080078125 0.7666015625 0.16015625 0.146484375
4 0.796875 0.375 0.076171875 0.12890625
4 0.0810546875 0.6513671875 0.162109375 0.181640625
4 0.1484375 0.458984375 0.056640625 0.1015625
4 0.0517578125 0.865234375 0.103515625 0.16015625
4 0.4287109375 0.87109375 0.0771484375 0.10546875
4 0.462890625 0.7958984375 0.052734375 0.052734375
4 0.939453125 0.4150390625 0.0888671875 0.181640625
4 0.1669921875 0.39453125 0.0322265625 0.0390625
4 0.4375 0.271484375 0.0625 0.09765625
4 0.5673828125 0.3037109375 0.0771484375 0.111328125
4 0.3310546875 0.255859375 0.0615234375 0.09375
4 0.4697265625 0.27734375 0.0615234375 0.09765625
4 0.6083984375 0.318359375 0.1591796875 0.12109375
4 0.0859375 0.974609375 0.1376953125 0.05078125