4 0.453125 0.0576171875 0.0478515625 0.046875
4 0.68359375 0.8154296875 0.09765625 0.1552734375
4 0.423828125 0.88671875 0.0576171875 0.1015625
4 0.423828125 0.505859375 0.08984375 0.0869140625
4 0.89453125 0.283203125 0.142578125 0.12890625
4 0.6767578125 0.97265625 0.072265625 0.0546875
4 0.748046875 0.3369140625 0.1025390625 0.1171875
4 0.4130859375 0.826171875 0.0390625 0.0615234375
4 0.734375 0.630859375 0.0517578125 0.0947265625
4 0.607421875 0.1904296875 0.0576171875 0.05859375
4 0.556640625 0.546875 0.1025390625 0.125
4 0.54296875 0.30859375 0.0810546875 0.1279296875
4 0.9287109375 0.931640625 0.056640625 0.13671875
4 0.5986328125 0.7763671875 0.109375 0.1484375
4 0.8212890625 0.8388671875 0.103515625 0.21875
4 0.962890625 0.5498046875 0.0732421875 0.1240234375
4 0.4462890625 0.197265625 0.044921875 0.0458984375
4 0.6875 0.3310546875 0.103515625 0.1162109375
4 0.5546875 0.9580078125 0.0712890625 0.0830078125
4 0.9873046875 0.951171875 0.025390625 0.09765625
4 0.80859375 0.2470703125 0.0693359375 0.07421875
4 0.40234375 0.2900390625 0.0947265625 0.10546875
4 0.6982421875 0.0224609375 0.076171875 0.044921875
4 0.4990234375 0.3125 0.087890625 0.109375
4 0.70703125 0.583984375 0.1025390625 0.14453125
4 0.419921875 0.6875 0.0537109375 0.0810546875
4 0.6015625 0.0341796875 0.0751953125 0.0546875
4 0.810546875 0.3408203125 0.115234375 0.12890625
4 0.51953125 0.7412109375 0.0888671875 0.140625
4 0.44140625 0.75390625 0.0439453125 0.0673828125
4 0.453125 0.3037109375 0.1044921875 0.109375
4 0.658203125 0.7802734375 0.1328125 0.1650390625
4 0.921875 0.6025390625 0.1552734375 0.1767578125
4 0.6396484375 0.78125 0.095703125 0.1640625
4 0.853515625 0.1806640625 0.0849609375 0.0751953125
4 0.455078125 0.8916015625 0.0908203125 0.109375
4 0.935546875 0.7890625 0.052734375 0.0888671875
4 0.373046875 0.29296875 0.0732421875 0.0908203125
4 0.7412109375 0.8310546875 0.10546875 0.1728515625
4 0.4521484375 0.294921875 0.109375 0.1025390625
4 0.5107421875 0.5400390625 0.080078125 0.1171875
4 0.662109375 0.578125 0.1005859375 0.1142578125
4 0.525390625 0.0478515625 0.0556640625 0.0478515625
4 0.58984375 0.3203125 0.0888671875 0.1220703125
4 0.896484375 0.6416015625 0.193359375 0.1796875
4 0.4453125 0.51953125 0.1015625 0.0888671875
4 0.349609375 0.265625 0.0498046875 0.0703125
4 0.43359375 0.7080078125 0.05078125 0.109375
4 0.88671875 0.9013671875 0.1123046875 0.1455078125
4 0.611328125 0.5498046875 0.1083984375 0.1396484375
4 0.96484375 0.4365234375 0.0703125 0.0576171875
4 0.9638671875 0.1767578125 0.072265625 0.076171875
4 0.525390625 0.1962890625 0.0537109375 0.0498046875
4 0.64453125 0.3193359375 0.0908203125 0.1298828125
4 0.5009765625 0.9111328125 0.111328125 0.1220703125
4 0.6982421875 0.189453125 0.056640625 0.05859375
4 0.5615234375 0.7490234375 0.083984375 0.1484375