4 0.826171875 0.4921875 0.1240234375 0.10546875
4 0.89453125 0.6845703125 0.123046875 0.107421875
4 0.4658203125 0.7109375 0.0498046875 0.0859375
4 0.65625 0.0478515625 0.064453125 0.083984375
4 0.3701171875 0.4794921875 0.0654296875 0.060546875
4 0.7392578125 0.1787109375 0.111328125 0.080078125
4 0.658203125 0.8828125 0.1064453125 0.07421875
4 0.7080078125 0.462890625 0.0888671875 0.078125
4 0.787109375 0.3203125 0.091796875 0.10546875
4 0.5888671875 0.4365234375 0.0673828125 0.056640625
4 0.6826171875 0.1826171875 0.099609375 0.076171875
4 0.755859375 0.6181640625 0.0908203125 0.095703125
4 0.55859375 0.7890625 0.0771484375 0.0625
4 0.5 0.099609375 0.0712890625 0.05859375
4 0.93359375 0.0107421875 0.0888671875 0.021484375
4 0.591796875 0.548828125 0.080078125 0.0625
4 0.728515625 0.81640625 0.12109375 0.2109375
4 0.6240234375 0.439453125 0.0908203125 0.0625
4 0.181640625 0.5810546875 0.029296875 0.052734375
4 0.7470703125 0.9296875 0.1171875 0.1328125
4 0.8076171875 0.9755859375 0.09765625 0.048828125
4 0.779296875 0.783203125 0.1123046875 0.0859375
4 0.939453125 0.330078125 0.12109375 0.1484375
4 0.5791015625 0.1904296875 0.0859375 0.076171875
4 0.6650390625 0.9208984375 0.080078125 0.068359375
4 0.8583984375 0.0185546875 0.0888671875 0.037109375
4 0.505859375 0.1962890625 0.080078125 0.072265625
4 0.6220703125 0.8544921875 0.099609375 0.068359375
4 0.67578125 0.5732421875 0.0947265625 0.083984375
4 0.9130859375 0.3203125 0.1064453125 0.13671875
4 0.1103515625 0.2958984375 0.0244140625 0.044921875
4 0.837890625 0.169921875 0.111328125 0.0859375
4 0.080078125 0.59375 0.046875 0.0625
4 0.1474609375 0.5185546875 0.0537109375 0.048828125
4 0.2646484375 0.5205078125 0.068359375 0.048828125
4 0.615234375 0.310546875 0.0771484375 0.07421875
4 0.5595703125 0.1904296875 0.0673828125 0.076171875
4 0.5556640625 0.4189453125 0.0771484375 0.064453125
4 0.5244140625 0.3095703125 0.0830078125 0.060546875
4 0.708984375 0.5966796875 0.1123046875 0.083984375
4 0.697265625 0.31640625 0.099609375 0.0859375
4 0.3115234375 0.5947265625 0.033203125 0.056640625
4 0.732421875 0.037109375 0.09375 0.06640625
4 0.7392578125 0.4765625 0.1025390625 0.08203125
4 0.78515625 0.48046875 0.1025390625 0.09375
4 0.69921875 0.73828125 0.0947265625 0.07421875
4 0.5517578125 0.08203125 0.064453125 0.06640625
4 0.7705078125 0.9453125 0.1650390625 0.109375
4 0.58203125 0.0703125 0.0888671875 0.07421875
4 0.9462890625 0.1572265625 0.1064453125 0.099609375
4 0.5322265625 0.6181640625 0.0771484375 0.064453125
4 0.3115234375 0.2900390625 0.0498046875 0.048828125
4 0.515625 0.5166015625 0.0498046875 0.041015625
4 0.57421875 0.314453125 0.0849609375 0.06640625
4 0.26953125 0.3720703125 0.0263671875 0.041015625
4 0.5966796875 0.82421875 0.0947265625 0.078125
4 0.5048828125 0.5986328125 0.0673828125 0.052734375
4 0.3173828125 0.533203125 0.015625 0.02734375
4 0.8466796875 0.658203125 0.115234375 0.109375
4 0.6416015625 0.6865234375 0.0830078125 0.076171875
4 0.9365234375 0.7080078125 0.126953125 0.123046875
4 0.5634765625 0.5419921875 0.0673828125 0.044921875
4 0.478515625 0.408203125 0.0556640625 0.046875
4 0.6044921875 0.67578125 0.076171875 0.08203125
4 0.505859375 0.408203125 0.0537109375 0.05078125
4 0.1240234375 0.5859375 0.0263671875 0.05859375
4 0.5771484375 0.4228515625 0.08203125 0.072265625
4 0.162109375 0.33203125 0.0263671875 0.04296875
4 0.767578125 0.9296875 0.12890625 0.05078125
4 0.791015625 0.63671875 0.091796875 0.109375
4 0.626953125 0.5576171875 0.087890625 0.087890625
4 0.365234375 0.2890625 0.0537109375 0.05859375
4 0.5234375 0.4150390625 0.0654296875 0.052734375
4 0.0859375 0.52734375 0.0908203125 0.05859375
4 0.7412109375 0.3193359375 0.1005859375 0.103515625
4 0.5390625 0.7724609375 0.09375 0.068359375
4 0.494140625 0.3095703125 0.0537109375 0.044921875
4 0.5380859375 0.52734375 0.0771484375 0.046875
4 0.939453125 0.5341796875 0.12109375 0.111328125
4 0.689453125 0.708984375 0.09375 0.07421875
4 0.833984375 0.31640625 0.126953125 0.13671875
4 0.8720703125 0.8525390625 0.12109375 0.107421875
4 0.517578125 0.6171875 0.0537109375 0.05859375
4 0.62890625 0.447265625 0.0888671875 0.0625
4 0.634765625 0.1845703125 0.0537109375 0.072265625
4 0.796875 0.107421875 0.099609375 0.21484375
4 0.0576171875 0.3759765625 0.0419921875 0.048828125
4 0.6494140625 0.3095703125 0.0947265625 0.091796875
4 0.6669921875 0.455078125 0.0712890625 0.06640625
4 0.8857421875 0.5087890625 0.1318359375 0.095703125
4 0.5712890625 0.8046875 0.08203125 0.0703125
4 0.2626953125 0.5859375 0.044921875 0.05859375
4 0.2490234375 0.365234375 0.029296875 0.0546875
4 0.4990234375 0.509765625 0.0732421875 0.046875
4 0.5732421875 0.6416015625 0.0771484375 0.064453125
4 0.9052734375 0.1572265625 0.140625 0.107421875
4 0.421875 0.658203125 0.08203125 0.046875