4 0.5205078125 0.298828125 0.0654296875 0.0439453125
4 0.3916015625 0.7373046875 0.078125 0.0537109375
4 0.72265625 0.7353515625 0.052734375 0.037109375
4 0.853515625 0.572265625 0.03515625 0.03125
4 0.400390625 0.8349609375 0.0751953125 0.0537109375
4 0.7138671875 0.232421875 0.046875 0.0439453125
4 0.8232421875 0.4443359375 0.046875 0.03125
4 0.8212890625 0.638671875 0.0458984375 0.03515625
4 0.671875 0.7548828125 0.0556640625 0.0400390625
4 0.7705078125 0.5810546875 0.0498046875 0.037109375
4 0.857421875 0.5126953125 0.03515625 0.029296875
4 0.7666015625 0.65234375 0.0390625 0.037109375
4 0.62109375 0.435546875 0.0654296875 0.0419921875
4 0.732421875 0.4443359375 0.04296875 0.03125
4 0.673828125 0.67578125 0.0537109375 0.03515625
4 0.18359375 0.419921875 0.1044921875 0.056640625
4 0.619140625 0.603515625 0.0625 0.0439453125
4 0.724609375 0.6611328125 0.052734375 0.0400390625
4 0.482421875 0.4287109375 0.0751953125 0.0498046875
4 0.732421875 0.5966796875 0.0498046875 0.0224609375
4 0.880859375 0.5673828125 0.0400390625 0.02734375
4 0.5517578125 0.791015625 0.0634765625 0.0439453125
4 0.6787109375 0.59765625 0.0556640625 0.033203125
4 0.9267578125 0.44921875 0.025390625 0.02734375
4 0.1826171875 0.8955078125 0.095703125 0.0712890625
4 0.5537109375 0.703125 0.0615234375 0.0478515625
4 0.7763671875 0.44921875 0.046875 0.0224609375
4 0.951171875 0.662109375 0.037109375 0.025390625
4 0.4775390625 0.8134765625 0.072265625 0.0478515625
4 0.8232421875 0.5107421875 0.033203125 0.033203125
4 0.2978515625 0.7568359375 0.087890625 0.064453125
4 0.8212890625 0.5732421875 0.04296875 0.033203125
4 0.8193359375 0.703125 0.044921875 0.0400390625
4 0.392578125 0.638671875 0.0791015625 0.0517578125
4 0.2939453125 0.5380859375 0.087890625 0.0517578125
4 0.8759765625 0.4462890625 0.0263671875 0.029296875
4 0.552734375 0.61328125 0.06640625 0.0439453125
4 0.619140625 0.5205078125 0.0595703125 0.0419921875
4 0.1787109375 0.78125 0.1025390625 0.06640625
4 0.927734375 0.6708984375 0.0390625 0.029296875
4 0.6142578125 0.7705078125 0.0595703125 0.0458984375
4 0.8818359375 0.6259765625 0.0361328125 0.03125
4 0.619140625 0.6865234375 0.0595703125 0.0439453125
4 0.849609375 0.447265625 0.02734375 0.02734375
4 0.55859375 0.5224609375 0.0595703125 0.0458984375
4 0.3916015625 0.533203125 0.080078125 0.0498046875
4 0.7685546875 0.71875 0.0458984375 0.0419921875
4 0.4814453125 0.5283203125 0.0712890625 0.0517578125
4 0.294921875 0.4248046875 0.087890625 0.0537109375
4 0.8525390625 0.2978515625 0.0419921875 0.0419921875
4 0.5556640625 0.43359375 0.0634765625 0.0419921875
4 0.8779296875 0.6875 0.033203125 0.029296875
4 0.4814453125 0.72265625 0.0654296875 0.0498046875
4 0.4775390625 0.625 0.0732421875 0.0498046875
4 0.1728515625 0.662109375 0.1044921875 0.0625
4 0.767578125 0.5146484375 0.044921875 0.033203125
4 0.392578125 0.4267578125 0.080078125 0.0498046875
4 0.9306640625 0.6142578125 0.0361328125 0.029296875
4 0.2529296875 0.03515625 0.103515625 0.0703125
4 0.8525390625 0.6962890625 0.037109375 0.033203125
4 0.982421875 0.3232421875 0.02734375 0.029296875
4 0.7294921875 0.5224609375 0.044921875 0.025390625
4 0.6787109375 0.4384765625 0.0458984375 0.0400390625
4 0.8525390625 0.6337890625 0.04296875 0.033203125
4 0.177734375 0.5419921875 0.10546875 0.05859375
4 0.6787109375 0.51953125 0.05859375 0.0400390625
4 0.9267578125 0.55859375 0.03515625 0.029296875
4 0.9033203125 0.677734375 0.0322265625 0.03125
4 0.298828125 0.6474609375 0.091796875 0.05859375
4 0.296875 0.8662109375 0.08984375 0.05859375