2 0.6982421875 0.0869140625 0.216796875 0.173828125
2 0.791015625 0.080078125 0.201171875 0.16015625
2 0.59765625 0.0927734375 0.20703125 0.1845703125
2 0.552734375 0.3994140625 0.2724609375 0.2724609375
2 0.927734375 0.0654296875 0.1435546875 0.1298828125
2 0.181640625 0.1240234375 0.125 0.248046875
2 0.279296875 0.1123046875 0.138671875 0.2236328125
2 0.17578125 0.5048828125 0.283203125 0.3671875
2 0.8671875 0.333984375 0.259765625 0.30859375
2 0.388671875 0.4736328125 0.3037109375 0.27734375
2 0.73828125 0.3779296875 0.259765625 0.2607421875
2 0.07421875 0.123046875 0.1337890625 0.24609375
2 0.859375 0.0693359375 0.2216796875 0.1376953125