4 0.595703125 0.2900390625 0.10546875 0.130859375
4 0.6328125 0.6123046875 0.3515625 0.345703125
4 0.4951171875 0.5166015625 0.3193359375 0.251953125
4 0.2314453125 0.275390625 0.2236328125 0.1484375
4 0.4951171875 0.2080078125 0.125 0.126953125
4 0.9384765625 0.4697265625 0.1220703125 0.177734375
4 0.5634765625 0.23828125 0.1650390625 0.1328125
4 0.4130859375 0.419921875 0.2890625 0.2109375
4 0.2724609375 0.3037109375 0.2353515625 0.146484375
4 0.328125 0.34765625 0.2685546875 0.19921875
4 0.8154296875 0.8017578125 0.3681640625 0.373046875
4 0.9111328125 0.36328125 0.1767578125 0.18359375
0 0.4482421875 0.109375 0.1298828125 0.21875
0 0.2958984375 0.119140625 0.1708984375 0.23828125
0 0.5849609375 0.087890625 0.1142578125 0.17578125
0 0.0849609375 0.1513671875 0.0869140625 0.302734375
0 0.1484375 0.1396484375 0.078125 0.279296875
0 0.0966796875 0.1513671875 0.1826171875 0.302734375
0 0.068359375 0.1513671875 0.12109375 0.302734375
2 0.2099609375 0.1376953125 0.0517578125 0.162109375