4 0.4892578125 0.341796875 0.0341796875 0.04296875
4 0.3837890625 0.6865234375 0.0400390625 0.052734375
4 0.7333984375 0.63671875 0.0283203125 0.03515625
4 0.8837890625 0.603515625 0.021484375 0.03515625
4 0.251953125 0.6845703125 0.05078125 0.052734375
4 0.8583984375 0.4482421875 0.0205078125 0.033203125
4 0.80078125 0.537109375 0.021484375 0.046875
4 0.73828125 0.447265625 0.0380859375 0.03515625
4 0.5361328125 0.44921875 0.044921875 0.0390625
4 0.193359375 0.6962890625 0.046875 0.048828125
4 0.6171875 0.3466796875 0.041015625 0.037109375
4 0.7314453125 0.54296875 0.0361328125 0.0390625
4 0.5341796875 0.7626953125 0.04296875 0.056640625
4 0.6123046875 0.55859375 0.0400390625 0.04296875
4 0.0322265625 0.32421875 0.064453125 0.046875
4 0.8037109375 0.3583984375 0.021484375 0.041015625
4 0.5048828125 0.6611328125 0.0361328125 0.052734375
4 0.4794921875 0.560546875 0.0478515625 0.05078125
4 0.6875 0.646484375 0.0302734375 0.03515625
4 0.8603515625 0.6904296875 0.0234375 0.041015625
4 0.845703125 0.6142578125 0.0234375 0.041015625
4 0.6533203125 0.552734375 0.0361328125 0.04296875
4 0.046875 0.7041015625 0.064453125 0.056640625
4 0.7041015625 0.4453125 0.0283203125 0.0390625
4 0.3505859375 0.33984375 0.04296875 0.03515625
4 0.83984375 0.4453125 0.0205078125 0.0390625
4 0.4912109375 0.77734375 0.046875 0.0546875
4 0.845703125 0.3642578125 0.0234375 0.041015625
4 0.126953125 0.7021484375 0.056640625 0.048828125
4 0.052734375 0.5888671875 0.0703125 0.052734375
4 0.8857421875 0.5322265625 0.0205078125 0.033203125
4 0.8642578125 0.6083984375 0.021484375 0.033203125
4 0.3994140625 0.447265625 0.0478515625 0.046875
4 0.6923828125 0.5498046875 0.0283203125 0.037109375
4 0.79296875 0.7158203125 0.01953125 0.048828125
4 0.6650390625 0.447265625 0.0302734375 0.0390625
4 0.2578125 0.5732421875 0.0576171875 0.056640625
4 0.6669921875 0.3505859375 0.04296875 0.041015625
4 0.1162109375 0.4482421875 0.0712890625 0.048828125
4 0.7060546875 0.357421875 0.03125 0.0390625
4 0.4482421875 0.4462890625 0.046875 0.044921875
4 0.798828125 0.6279296875 0.0263671875 0.041015625
4 0.3984375 0.8017578125 0.044921875 0.056640625
4 0.8173828125 0.708984375 0.021484375 0.03515625
4 0.185546875 0.4462890625 0.068359375 0.048828125
4 0.2099609375 0.328125 0.0576171875 0.04296875
4 0.4921875 0.4501953125 0.0400390625 0.037109375
4 0.609375 0.6552734375 0.0361328125 0.044921875
4 0.353515625 0.5751953125 0.0634765625 0.048828125
4 0.82421875 0.361328125 0.021484375 0.0390625
4 0.4150390625 0.6796875 0.0283203125 0.05859375
4 0.091796875 0.32421875 0.0576171875 0.04296875
4 0.259765625 0.443359375 0.0615234375 0.046875
4 0.3447265625 0.4501953125 0.0498046875 0.044921875
4 0.8447265625 0.533203125 0.0244140625 0.04296875
4 0.4521484375 0.341796875 0.044921875 0.0390625
4 0.8232421875 0.6201171875 0.0244140625 0.041015625
4 0.533203125 0.5537109375 0.041015625 0.048828125
4 0.404296875 0.3388671875 0.0498046875 0.041015625
4 0.1220703125 0.5849609375 0.0634765625 0.052734375
4 0.04296875 0.4482421875 0.0751953125 0.048828125
4 0.443359375 0.7900390625 0.0478515625 0.060546875
4 0.4443359375 0.6767578125 0.033203125 0.048828125
4 0.41796875 0.5693359375 0.05078125 0.048828125
4 0.8671875 0.53125 0.021484375 0.03515625
4 0.6484375 0.6513671875 0.0283203125 0.033203125
4 0.8212890625 0.4443359375 0.0205078125 0.041015625
4 0.15625 0.3232421875 0.068359375 0.044921875
4 0.83984375 0.7001953125 0.0234375 0.037109375
4 0.3486328125 0.6923828125 0.0380859375 0.048828125
4 0.53515625 0.34375 0.041015625 0.0390625
4 0.8837890625 0.4482421875 0.0283203125 0.033203125
4 0.267578125 0.3330078125 0.0546875 0.041015625
4 0.7412109375 0.361328125 0.033203125 0.03515625
4 0.88671875 0.3720703125 0.0205078125 0.033203125
4 0.802734375 0.4443359375 0.01953125 0.041015625
4 0.8212890625 0.5380859375 0.0263671875 0.041015625
4 0.6123046875 0.447265625 0.03125 0.0390625
4 0.4736328125 0.6669921875 0.03125 0.048828125
4 0.1953125 0.5791015625 0.05859375 0.048828125
4 0.533203125 0.6552734375 0.033203125 0.056640625
4 0.8662109375 0.3681640625 0.0205078125 0.037109375
4 0.357421875 0.814453125 0.0478515625 0.0546875