4 0.2841796875 0.8935546875 0.193359375 0.11328125
4 0.498046875 0.2158203125 0.3671875 0.3388671875
4 0.5947265625 0.978515625 0.134765625 0.04296875
4 0.556640625 0.697265625 0.31640625 0.3115234375
4 0.7890625 0.2080078125 0.390625 0.4111328125
4 0.271484375 0.2294921875 0.25390625 0.2744140625
4 0.2470703125 0.623046875 0.251953125 0.2119140625
4 0.408203125 0.943359375 0.171875 0.11328125
4 0.7353515625 0.7548828125 0.298828125 0.35546875
4 0.3623046875 0.66015625 0.263671875 0.234375
4 0.1396484375 0.2353515625 0.193359375 0.2421875