4 0.720703125 0.48828125 0.080078125 0.0810546875
4 0.3505859375 0.9853515625 0.0390625 0.029296875
4 0.205078125 0.0830078125 0.29296875 0.166015625
4 0.5888671875 0.541015625 0.150390625 0.1435546875
4 0.701171875 0.65625 0.1064453125 0.0830078125
4 0.658203125 0.72265625 0.134765625 0.1083984375
4 0.517578125 0.1982421875 0.1328125 0.1875
4 0.654296875 0.5166015625 0.1044921875 0.1083984375
4 0.673828125 0.498046875 0.1220703125 0.1123046875
4 0.333984375 0.63671875 0.3544921875 0.193359375
4 0.615234375 0.0458984375 0.060546875 0.091796875
4 0.552734375 0.5888671875 0.109375 0.119140625
4 0.26171875 0.1083984375 0.4013671875 0.216796875
4 0.119140625 0.8076171875 0.2373046875 0.251953125
4 0.6318359375 0.7822265625 0.1513671875 0.1103515625
4 0.6044921875 0.837890625 0.1533203125 0.12109375
4 0.736328125 0.65625 0.0517578125 0.0458984375
4 0.7060546875 0.06640625 0.0595703125 0.0830078125
4 0.58203125 0.2568359375 0.0859375 0.1103515625
4 0.5869140625 0.9384765625 0.1015625 0.123046875
4 0.888671875 0.7431640625 0.0576171875 0.02734375
4 0.607421875 0.515625 0.1435546875 0.1357421875