4 0.515625 0.0986328125 0.404296875 0.197265625
4 0.408203125 0.599609375 0.4638671875 0.4267578125
4 0.6376953125 0.6416015625 0.5283203125 0.50390625
4 0.8603515625 0.181640625 0.279296875 0.31640625
4 0.7490234375 0.130859375 0.501953125 0.26171875
4 0.294921875 0.2421875 0.23828125 0.474609375
4 0.1162109375 0.595703125 0.232421875 0.2158203125
4 0.080078125 0.1796875 0.16015625 0.2421875
4 0.1708984375 0.248046875 0.146484375 0.4638671875
4 0.1064453125 0.890625 0.18359375 0.1279296875
4 0.212890625 0.939453125 0.21875 0.12109375
4 0.7841796875 0.7119140625 0.431640625 0.5498046875
4 0.228515625 0.6064453125 0.40234375 0.3017578125