4 0.7705078125 0.8828125 0.0732421875 0.08984375
4 0.7353515625 0.7177734375 0.0966796875 0.275390625
4 0.203125 0.9638671875 0.1904296875 0.072265625
4 0.5595703125 0.8798828125 0.076171875 0.123046875
4 0.2353515625 0.8427734375 0.056640625 0.126953125
4 0.6171875 0.37890625 0.12109375 0.4453125
4 0.724609375 0.7919921875 0.0908203125 0.134765625
4 0.5302734375 0.7802734375 0.0849609375 0.173828125
4 0.39453125 0.861328125 0.080078125 0.125
4 0.6328125 0.8349609375 0.099609375 0.154296875
4 0.4404296875 0.638671875 0.1083984375 0.16796875
4 0.951171875 0.4951171875 0.09765625 0.244140625
4 0.64453125 0.6572265625 0.0966796875 0.177734375
4 0.7236328125 0.400390625 0.115234375 0.45703125
4 0.8505859375 0.4931640625 0.1201171875 0.259765625
4 0.1689453125 0.8466796875 0.0625 0.099609375
4 0.8564453125 0.826171875 0.1083984375 0.19921875
4 0.3759765625 0.4677734375 0.115234375 0.267578125
4 0.1552734375 0.5986328125 0.0908203125 0.138671875
4 0.708984375 0.9091796875 0.056640625 0.134765625
4 0.162109375 0.47265625 0.111328125 0.2578125
4 0.291015625 0.763671875 0.07421875 0.203125
4 0.478515625 0.880859375 0.0791015625 0.12890625
4 0.4443359375 0.771484375 0.0859375 0.16796875
4 0.91796875 0.6953125 0.0908203125 0.21875
4 0.1337890625 0.7216796875 0.0771484375 0.158203125
4 0.49609375 0.46875 0.1181640625 0.25390625
4 0.8037109375 0.78125 0.0849609375 0.13671875
4 0.6279296875 0.828125 0.10546875 0.27734375
4 0.23828125 0.619140625 0.0966796875 0.171875
4 0.3671875 0.7724609375 0.076171875 0.205078125
4 0.2724609375 0.4541015625 0.1025390625 0.263671875
4 0.068359375 0.603515625 0.0830078125 0.15625
4 0.318359375 0.8515625 0.0654296875 0.125
4 0.341796875 0.6162109375 0.09765625 0.150390625
4 0.833984375 0.697265625 0.103515625 0.2265625
4 0.6318359375 0.9306640625 0.0595703125 0.083984375
4 0.5419921875 0.6357421875 0.12109375 0.146484375
4 0.7783203125 0.1025390625 0.1474609375 0.205078125
4 0.9228515625 0.0712890625 0.140625 0.142578125
4 0.203125 0.7333984375 0.0966796875 0.177734375