4 0.1884765625 0.955078125 0.0625 0.08984375
4 0.130859375 0.8232421875 0.056640625 0.142578125
4 0.7353515625 0.734375 0.052734375 0.04296875
4 0.056640625 0.078125 0.11328125 0.15625
4 0.2822265625 0.826171875 0.0439453125 0.10546875
4 0.49609375 0.3662109375 0.017578125 0.044921875
4 0.0615234375 0.927734375 0.046875 0.14453125
4 0.5595703125 0.3671875 0.0234375 0.0390625
4 0.0673828125 0.556640625 0.134765625 0.08984375
4 0.888671875 0.9140625 0.1025390625 0.07421875
4 0.0712890625 0.6533203125 0.111328125 0.103515625
4 0.0244140625 0.7275390625 0.03515625 0.126953125
4 0.19140625 0.7275390625 0.0712890625 0.099609375
4 0.55078125 0.3037109375 0.017578125 0.037109375
4 0.28515625 0.224609375 0.07421875 0.06640625
4 0.1650390625 0.7626953125 0.068359375 0.103515625
4 0.0859375 0.8388671875 0.0791015625 0.123046875
4 0.5244140625 0.3671875 0.017578125 0.04296875
4 0.046875 0.3134765625 0.09375 0.201171875
4 0.2177734375 0.302734375 0.068359375 0.08984375
4 0.447265625 0.134765625 0.021484375 0.03125
4 0.1826171875 0.5380859375 0.05078125 0.087890625
4 0.041015625 0.689453125 0.08203125 0.15625
4 0.015625 0.4287109375 0.0302734375 0.126953125
4 0.884765625 0.5615234375 0.109375 0.126953125
4 0.1728515625 0.1123046875 0.0791015625 0.103515625
4 0.900390625 0.958984375 0.1435546875 0.08203125
4 0.1376953125 0.283203125 0.0908203125 0.12109375
4 0.28125 0.74609375 0.0556640625 0.0703125
4 0.904296875 0.2451171875 0.16796875 0.083984375
4 0.19921875 0.90234375 0.052734375 0.07421875