0 0.8134765625 0.453125 0.138671875 0.185546875
0 0.5078125 0.6943359375 0.25390625 0.201171875
0 0.2763671875 0.6669921875 0.162109375 0.103515625
0 0.3984375 0.1806640625 0.2109375 0.22265625
0 0.017578125 0.146484375 0.03515625 0.0986328125
0 0.943359375 0.208984375 0.11328125 0.2646484375
0 0.4814453125 0.3916015625 0.642578125 0.466796875
0 0.4990234375 0.369140625 0.087890625 0.1171875
0 0.15234375 0.173828125 0.14453125 0.185546875
0 0.388671875 0.3623046875 0.1953125 0.1552734375
0 0.5087890625 0.19140625 0.166015625 0.2294921875
0 0.2685546875 0.1806640625 0.197265625 0.208984375
0 0.94921875 0.5341796875 0.1015625 0.0966796875
0 0.0576171875 0.16015625 0.056640625 0.1328125
0 0.197265625 0.1728515625 0.1640625 0.201171875
0 0.3359375 0.3623046875 0.08984375 0.1552734375
0 0.7666015625 0.201171875 0.146484375 0.2333984375
0 0.9228515625 0.8310546875 0.154296875 0.2666015625
0 0.673828125 0.12109375 0.0546875 0.080078125
0 0.578125 0.193359375 0.15625 0.236328125
0 0.3779296875 0.6708984375 0.263671875 0.16796875
0 0.1103515625 0.1767578125 0.076171875 0.1796875
0 0.904296875 0.201171875 0.16796875 0.2568359375
4 0.7568359375 0.7744140625 0.361328125 0.2041015625
4 0.673828125 0.658203125 0.6875 0.6640625 0.70703125 0.658203125 0.763671875 0.658203125 0.78125 0.666015625 0.787109375 0.677734375 0.78515625 0.68359375 0.755859375 0.705078125 0.7421875 0.720703125 0.736328125 0.724609375 0.732421875 0.724609375 0.712890625 0.740234375 0.701171875 0.759765625 0.693359375 0.76171875 0.677734375 0.7734375 0.671875 0.7734375 0.642578125 0.787109375 0.61328125 0.794921875 0.609375 0.798828125 0.6015625 0.798828125 0.572265625 0.83203125 0.568359375 0.841796875 0.5 0.841796875 0.498046875 0.83984375 0.490234375 0.83984375 0.484375 0.8359375 0.4765625 0.8359375 0.4609375 0.826171875 0.45703125 0.8203125 0.45703125 0.814453125 0.462890625 0.796875 0.470703125 0.78515625 0.474609375 0.783203125 0.478515625 0.775390625 0.494140625 0.763671875 0.513671875 0.7578125 0.517578125 0.75390625 0.525390625 0.75390625 0.529296875 0.75 0.541015625 0.748046875 0.55078125 0.7421875 0.564453125 0.73828125 0.572265625 0.732421875 0.576171875 0.732421875 0.5859375 0.72265625 0.583984375 0.69140625 0.587890625 0.685546875 0.59375 0.68359375 0.59765625 0.685546875 0.609375 0.685546875 0.630859375 0.6640625 0.634765625 0.6640625 0.642578125 0.658203125 0.671875 0.658203125