2 0.15625 0.9033203125 0.29296875 0.181640625
2 0.123046875 0.9775390625 0.12109375 0.044921875
2 0.5869140625 0.5703125 0.291015625 0.25
2 0.4990234375 0.9541015625 0.251953125 0.091796875
2 0.9609375 0.337890625 0.078125 0.1787109375
2 0.4912109375 0.3359375 0.220703125 0.2353515625
2 0.701171875 0.7412109375 0.1875 0.10546875
2 0.955078125 0.8671875 0.08984375 0.1669921875
2 0.6572265625 0.1005859375 0.310546875 0.201171875
2 0.8896484375 0.541015625 0.220703125 0.220703125
2 0.7724609375 0.9287109375 0.189453125 0.1416015625
2 0.1982421875 0.59765625 0.345703125 0.2783203125
2 0.443359375 0.748046875 0.24609375 0.169921875
2 0.1953125 0.4482421875 0.35546875 0.263671875
2 0.537109375 0.8583984375 0.23828125 0.1708984375
2 0.9130859375 0.705078125 0.166015625 0.09765625
2 0.9423828125 0.779296875 0.115234375 0.1767578125
2 0.2197265625 0.0927734375 0.427734375 0.185546875
2 0.1376953125 0.7861328125 0.275390625 0.1845703125
2 0.162109375 0.3349609375 0.32421875 0.2373046875
2 0.82421875 0.435546875 0.19140625 0.2119140625
2 0.568359375 0.4228515625 0.26953125 0.2724609375
2 0.734375 0.814453125 0.1875 0.158203125
2 0.7822265625 0.0185546875 0.076171875 0.037109375
2 0.7373046875 0.328125 0.154296875 0.2080078125
2 0.923828125 0.107421875 0.15234375 0.21484375