4 0.3583984375 0.908203125 0.1484375 0.18359375
4 0.248046875 0.31640625 0.326171875 0.33984375
4 0.57421875 0.439453125 0.4599609375 0.484375
4 0.6025390625 0.95703125 0.1298828125 0.0859375
4 0.2666015625 0.8876953125 0.16796875 0.224609375
4 0.0908203125 0.1982421875 0.181640625 0.330078125
4 0.1748046875 0.8662109375 0.189453125 0.267578125
4 0.1357421875 0.30078125 0.271484375 0.31640625
4 0.08203125 0.8291015625 0.1630859375 0.279296875
4 0.48046875 0.9453125 0.1142578125 0.109375
4 0.0166015625 0.1689453125 0.033203125 0.083984375
4 0.4560546875 0.408203125 0.322265625 0.44140625
4 0.8486328125 0.54296875 0.302734375 0.6171875
4 0.048828125 0.7421875 0.09765625 0.171875
4 0.0263671875 0.67578125 0.052734375 0.1015625