4 0.224609375 0.91796875 0.2529296875 0.13671875
4 0.7958984375 0.40625 0.2412109375 0.1328125
4 0.51953125 0.3916015625 0.24609375 0.134765625
4 0.5185546875 0.564453125 0.24609375 0.12109375
4 0.806640625 0.7265625 0.2490234375 0.125
4 0.3916015625 0.203125 0.2294921875 0.1328125
4 0.7060546875 0.2119140625 0.2265625 0.150390625
4 0.220703125 0.7080078125 0.2490234375 0.126953125
4 0.8056640625 0.556640625 0.24609375 0.16015625
4 0.2265625 0.5361328125 0.244140625 0.134765625
4 0.2275390625 0.392578125 0.2412109375 0.12890625
4 0.5263671875 0.9033203125 0.2529296875 0.146484375
4 0.5185546875 0.7080078125 0.2490234375 0.123046875
4 0.8154296875 0.912109375 0.2548828125 0.125