4 0.12109375 0.74609375 0.0986328125 0.2880859375
4 0.1171875 0.0947265625 0.0888671875 0.1884765625
4 0.9716796875 0.5244140625 0.056640625 0.146484375
4 0.177734375 0.9658203125 0.0615234375 0.068359375
4 0.169921875 0.4384765625 0.1240234375 0.1826171875
4 0.712890625 0.396484375 0.28125 0.3955078125
4 0.4892578125 0.1162109375 0.140625 0.232421875
4 0.6240234375 0.8291015625 0.18359375 0.3369140625
4 0.4560546875 0.1328125 0.322265625 0.265625
4 0.572265625 0.8125 0.2236328125 0.328125
4 0.3671875 0.7822265625 0.154296875 0.2822265625
4 0.296875 0.7333984375 0.2060546875 0.3193359375
4 0.4052734375 0.4326171875 0.19140625 0.3232421875
4 0.111328125 0.720703125 0.1171875 0.3203125
4 0.7587890625 0.828125 0.302734375 0.34375
4 0.453125 0.4462890625 0.1943359375 0.296875
4 0.083984375 0.9560546875 0.0263671875 0.087890625
4 0.953125 0.90625 0.0927734375 0.1875
4 0.712890625 0.0888671875 0.220703125 0.1767578125
4 0.0380859375 0.9501953125 0.0703125 0.099609375
4 0.1728515625 0.349609375 0.12109375 0.35546875
4 0.1279296875 0.3662109375 0.10546875 0.333984375
4 0.1767578125 0.091796875 0.109375 0.15234375
4 0.0361328125 0.1142578125 0.072265625 0.228515625
4 0.5703125 0.41015625 0.259765625 0.3662109375
4 0.0166015625 0.3671875 0.033203125 0.1826171875
4 0.34375 0.14453125 0.1787109375 0.2705078125
4 0.0546875 0.3935546875 0.109375 0.298828125
4 0.548828125 0.1083984375 0.1572265625 0.216796875
4 0.0234375 0.68359375 0.046875 0.20703125
4 0.7978515625 0.3857421875 0.267578125 0.419921875
4 0.3056640625 0.404296875 0.1875 0.2197265625
4 0.1630859375 0.72265625 0.1640625 0.3349609375
4 0.107421875 0.3701171875 0.1181640625 0.3349609375
4 0.25 0.7265625 0.1123046875 0.314453125
4 0.0625 0.1103515625 0.08984375 0.220703125
4 0.0390625 0.7041015625 0.078125 0.263671875
4 0.275390625 0.150390625 0.19140625 0.30078125
4 0.056640625 0.7158203125 0.11328125 0.298828125
4 0.48828125 0.802734375 0.171875 0.310546875
4 0.421875 0.79296875 0.1787109375 0.2939453125
4 0.181640625 0.7666015625 0.134765625 0.2705078125
4 0.244140625 0.732421875 0.1025390625 0.302734375
4 0.0166015625 0.0810546875 0.033203125 0.162109375
4 0.23046875 0.4228515625 0.0927734375 0.193359375
4 0.09765625 0.099609375 0.0771484375 0.19921875
4 0.271484375 0.064453125 0.1279296875 0.12890625
4 0.8857421875 0.833984375 0.228515625 0.33203125
4 0.0849609375 0.7177734375 0.130859375 0.3115234375
4 0.359375 0.98046875 0.1298828125 0.0390625
4 0.19921875 0.2236328125 0.0517578125 0.111328125
4 0.869140625 0.3759765625 0.2607421875 0.4404296875
4 0.376953125 0.431640625 0.306640625 0.3251953125
4 0.884765625 0.0625 0.19140625 0.1240234375
4 0.0400390625 0.37890625 0.080078125 0.26953125
4 0.6123046875 0.0986328125 0.1484375 0.197265625
4 0.072265625 0.39453125 0.1083984375 0.2939453125
4 0.115234375 0.9580078125 0.0478515625 0.0830078125