4 0.1044921875 0.7451171875 0.2021484375 0.1015625
4 0.1640625 0.552734375 0.2216796875 0.1357421875
4 0.392578125 0.9423828125 0.2734375 0.115234375
4 0.0830078125 0.7109375 0.1650390625 0.0947265625
4 0.3564453125 0.21484375 0.2705078125 0.16796875
4 0.4560546875 0.736328125 0.4501953125 0.248046875
4 0.5 0.1953125 0.3251953125 0.1982421875
4 0.041015625 0.2490234375 0.08203125 0.095703125
4 0.2275390625 0.85546875 0.2119140625 0.150390625
4 0.146484375 0.24609375 0.12890625 0.1083984375
4 0.2861328125 0.6171875 0.2802734375 0.14453125
4 0.3984375 0.9736328125 0.28515625 0.052734375
4 0.8974609375 0.1552734375 0.2041015625 0.26953125
4 0.24609375 0.21484375 0.234375 0.1728515625
4 0.7216796875 0.1728515625 0.4296875 0.244140625
4 0.0517578125 0.6455078125 0.1025390625 0.087890625
4 0.068359375 0.5078125 0.1318359375 0.0869140625
4 0.0361328125 0.4296875 0.0712890625 0.0419921875
4 0.0244140625 0.4521484375 0.048828125 0.044921875
4 0.0927734375 0.544921875 0.1845703125 0.1494140625
4 0.0224609375 0.5888671875 0.044921875 0.064453125
4 0.21484375 0.5751953125 0.2626953125 0.130859375
4 0.1357421875 0.7734375 0.1982421875 0.1220703125
4 0.0732421875 0.494140625 0.1455078125 0.1064453125
4 0.0244140625 0.4521484375 0.048828125 0.044921875
4 0.1748046875 0.2392578125 0.1806640625 0.123046875
4 0.2734375 0.912109375 0.2392578125 0.1708984375
4 0.3857421875 0.6650390625 0.3115234375 0.1796875
4 0.1748046875 0.814453125 0.2138671875 0.1298828125
4 0.1005859375 0.251953125 0.13671875 0.0966796875
4 0.068359375 0.69921875 0.13671875 0.1142578125
4 0.03125 0.5986328125 0.0625 0.048828125
4 0.06640625 0.25 0.125 0.0947265625
4 0.8828125 0.884765625 0.234375 0.2294921875
4 0.67578125 0.8349609375 0.3701171875 0.306640625
4 0.0361328125 0.4306640625 0.072265625 0.041015625
4 0.0302734375 0.474609375 0.0595703125 0.0595703125