0 0.6103515625 0.16796875 0.078125 0.1240234375
0 0.5185546875 0.583984375 0.1162109375 0.3623046875
0 0.6357421875 0.353515625 0.0810546875 0.1171875
0 0.673828125 0.1640625 0.05859375 0.1259765625
0 0.4228515625 0.17578125 0.0634765625 0.1220703125
0 0.2392578125 0.0166015625 0.1025390625 0.033203125
0 0.5 0.19921875 1 0.1435546875
0 0.31640625 0.0166015625 0.09375 0.033203125
0 0.51171875 0.3349609375 0.0595703125 0.158203125
0 0.0185546875 0.01953125 0.037109375 0.0390625
0 0.11328125 0.1572265625 0.0732421875 0.158203125
0 0.2939453125 0.15625 0.07421875 0.16015625
0 0.5810546875 0.3408203125 0.0751953125 0.138671875
0 0.560546875 0.015625 0.0849609375 0.03125
0 0.3583984375 0.17578125 0.0595703125 0.1259765625
0 0.1669921875 0.1572265625 0.0712890625 0.15625
0 0.3994140625 0.017578125 0.0810546875 0.03515625
0 0.39453125 0.3037109375 0.078125 0.064453125
0 0.14453125 0.55078125 0.2060546875 0.486328125
0 0.6279296875 0.634765625 0.1083984375 0.2197265625
0 0.2724609375 0.537109375 0.1611328125 0.4736328125
0 0.845703125 0.5703125 0.1181640625 0.3291015625
0 0.7294921875 0.638671875 0.12109375 0.2138671875
0 0.017578125 0.357421875 0.03515625 0.1337890625
0 0.6806640625 0.349609375 0.0625 0.11328125
0 0.07421875 0.01953125 0.0732421875 0.0380859375
0 0.462890625 0.3359375 0.06640625 0.1533203125
0 0.416015625 0.53125 0.1396484375 0.4609375
0 0.16796875 0.017578125 0.1064453125 0.03515625
0 0.0458984375 0.35546875 0.0576171875 0.1416015625
0 0.2314453125 0.16015625 0.0732421875 0.1572265625
0 0.0205078125 0.158203125 0.0400390625 0.15625
0 0.7333984375 0.3505859375 0.0703125 0.111328125
0 0.634765625 0.0146484375 0.06640625 0.029296875
0 0.7197265625 0.013671875 0.078125 0.02734375
0 0.4755859375 0.015625 0.0830078125 0.03125
0 0.5029296875 0.1708984375 0.0830078125 0.12890625
0 0.0478515625 0.162109375 0.0751953125 0.1572265625
0 0.5517578125 0.169921875 0.0703125 0.1240234375
0 0.7333984375 0.166015625 0.06640625 0.1201171875