4 0.25390625 0.818359375 0.203125 0.11328125
4 0.251953125 0.4892578125 0.197265625 0.119140625
4 0.6748046875 0.150390625 0.19921875 0.1484375
4 0.4697265625 0.15625 0.203125 0.13671875
4 0.68359375 0.8017578125 0.201171875 0.142578125
4 0.4560546875 0.4970703125 0.189453125 0.103515625
4 0.0732421875 0.4775390625 0.146484375 0.134765625
4 0.2568359375 0.138671875 0.20703125 0.16796875
4 0.681640625 0.4951171875 0.1943359375 0.107421875
4 0.0693359375 0.818359375 0.1376953125 0.1171875
4 0.482421875 0.7900390625 0.1943359375 0.166015625
4 0.8974609375 0.5 0.1982421875 0.1015625
4 0.8837890625 0.8125 0.1943359375 0.12890625
4 0.0732421875 0.150390625 0.146484375 0.14453125
4 0.8935546875 0.1396484375 0.20703125 0.166015625