4 0.21875 0.4072265625 0.2314453125 0.2021484375
4 0.095703125 0.955078125 0.1083984375 0.0390625
4 0.494140625 0.048828125 0.3017578125 0.0546875
4 0.4775390625 0.2685546875 0.294921875 0.263671875
4 0.52734375 0.82421875 0.255859375 0.2255859375
4 0.509765625 0.580078125 0.2763671875 0.228515625
4 0.287109375 0.9541015625 0.07421875 0.044921875
4 0.0341796875 0.04296875 0.033203125 0.04296875
4 0.08984375 0.662109375 0.146484375 0.1796875
4 0.203125 0.1328125 0.267578125 0.22265625
4 0.8642578125 0.5546875 0.23828125 0.2333984375
4 0.09765625 0.8447265625 0.1591796875 0.15625
4 0.546875 0.955078125 0.1005859375 0.041015625
4 0.24609375 0.658203125 0.2177734375 0.1767578125
4 0.068359375 0.44921875 0.103515625 0.1953125
4 0.849609375 0.8671875 0.263671875 0.208984375
4 0.0556640625 0.2333984375 0.078125 0.1904296875
4 0.2607421875 0.8564453125 0.19921875 0.1904296875
4 0.8759765625 0.2197265625 0.21484375 0.2109375