4 0.8779296875 0.4296875 0.14453125 0.078125
4 0.896484375 0.5078125 0.1123046875 0.046875
4 0.30078125 0.5869140625 0.1533203125 0.087890625
4 0.6845703125 0.1484375 0.150390625 0.0703125
4 0.5400390625 0.87890625 0.0498046875 0.06640625
4 0.6904296875 0.4404296875 0.1533203125 0.068359375
4 0.1240234375 0.7431640625 0.1416015625 0.068359375
4 0.7060546875 0.7158203125 0.1494140625 0.087890625
4 0.49609375 0.306640625 0.146484375 0.0625
4 0.703125 0.865234375 0.1533203125 0.08203125
4 0.1005859375 0.02734375 0.14453125 0.0546875
4 0.5390625 0.732421875 0.05078125 0.07421875
4 0.3056640625 0.15625 0.146484375 0.078125
4 0.888671875 0.849609375 0.146484375 0.09765625
4 0.87890625 0.146484375 0.1494140625 0.0625
4 0.1259765625 0.8779296875 0.146484375 0.083984375
4 0.1083984375 0.6025390625 0.1435546875 0.068359375
4 0.2353515625 0.5205078125 0.0205078125 0.033203125
4 0.328125 0.8701171875 0.1435546875 0.091796875
4 0.6943359375 0.5732421875 0.1533203125 0.087890625
4 0.306640625 0.4443359375 0.14453125 0.080078125
4 0.9208984375 0.412109375 0.0673828125 0.03515625
4 0.107421875 0.16796875 0.1474609375 0.07421875
4 0.4873046875 0.8720703125 0.0478515625 0.087890625
4 0.8974609375 0.7138671875 0.1494140625 0.080078125
4 0.1064453125 0.306640625 0.150390625 0.08984375
4 0.2529296875 0.5185546875 0.0263671875 0.029296875
4 0.4814453125 0.736328125 0.044921875 0.0625
4 0.11328125 0.453125 0.1416015625 0.07421875
4 0.150390625 0.5224609375 0.0263671875 0.029296875
4 0.3232421875 0.7275390625 0.14453125 0.083984375
4 0.2783203125 0.51953125 0.029296875 0.03125
4 0.880859375 0.576171875 0.1474609375 0.0703125
4 0.8876953125 0.0126953125 0.15625 0.025390625
4 0.890625 0.2802734375 0.15625 0.091796875