4 0.2685546875 0.9580078125 0.080078125 0.083984375
4 0.4453125 0.484375 0.109375 0.1484375
4 0.037109375 0.2685546875 0.0322265625 0.072265625
4 0.1162109375 0.9248046875 0.0576171875 0.080078125
4 0.33203125 0.24609375 0.1083984375 0.11328125
4 0.4521484375 0.740234375 0.1240234375 0.15625
4 0.4462890625 0.9443359375 0.1162109375 0.111328125
4 0.4462890625 0.2236328125 0.103515625 0.154296875
4 0.0087890625 0.7890625 0.0166015625 0.078125
4 0.025390625 0.0498046875 0.0380859375 0.068359375
4 0.44921875 0.0263671875 0.109375 0.052734375
4 0.2626953125 0.791015625 0.0859375 0.10546875
4 0.15234375 0.1181640625 0.0537109375 0.087890625
4 0.04296875 0.7333984375 0.0361328125 0.068359375
4 0.91796875 0.1611328125 0.1630859375 0.310546875
4 0.1982421875 0.0966796875 0.072265625 0.103515625
4 0.0458984375 0.8349609375 0.0458984375 0.076171875
4 0.3291015625 0.654296875 0.099609375 0.1328125
4 0.0068359375 0.0546875 0.013671875 0.0625
4 0.07421875 0.87890625 0.0390625 0.08984375
4 0.0400390625 0.6513671875 0.0458984375 0.138671875
4 0.064453125 0.27734375 0.04296875 0.07421875
4 0.2021484375 0.2529296875 0.0654296875 0.099609375
4 0.1591796875 0.4169921875 0.046875 0.083984375
4 0.5556640625 0.5146484375 0.1552734375 0.212890625
4 0.11328125 0.6748046875 0.0625 0.083984375
4 0.2529296875 0.2607421875 0.064453125 0.099609375
4 0.0234375 0.7978515625 0.03125 0.076171875
4 0.7138671875 0.908203125 0.2392578125 0.18359375
4 0.1083984375 0.541015625 0.0625 0.08203125
4 0.107421875 0.4072265625 0.0546875 0.076171875
4 0.33203125 0.0537109375 0.103515625 0.107421875
4 0.0087890625 0.111328125 0.017578125 0.171875
4 0.01171875 0.33203125 0.0234375 0.1640625
4 0.0986328125 0.1474609375 0.0771484375 0.080078125
4 0.2041015625 0.421875 0.0732421875 0.08984375
4 0.0166015625 0.59375 0.0322265625 0.06640625
4 0.11328125 0.7958984375 0.0556640625 0.087890625
4 0.0791015625 0.75390625 0.05078125 0.078125
4 0.3388671875 0.869140625 0.09765625 0.12890625
4 0.029296875 0.1611328125 0.04296875 0.072265625
4 0.16796875 0.8466796875 0.0703125 0.091796875
4 0.9130859375 0.6904296875 0.173828125 0.294921875
4 0.0595703125 0.9384765625 0.0322265625 0.037109375
4 0.0595703125 0.15625 0.0517578125 0.0703125
4 0.20703125 0.5849609375 0.06640625 0.095703125
4 0.1083984375 0.279296875 0.0498046875 0.0703125
4 0.0205078125 0.7001953125 0.0400390625 0.064453125
4 0.01171875 0.3330078125 0.0234375 0.162109375
4 0.2587890625 0.0693359375 0.0771484375 0.115234375
4 0.3359375 0.447265625 0.111328125 0.1171875
4 0.2607421875 0.4365234375 0.0732421875 0.107421875
4 0.2080078125 0.7451171875 0.0771484375 0.095703125
4 0.0732421875 0.6376953125 0.0546875 0.080078125
4 0.1611328125 0.55859375 0.0615234375 0.09765625
4 0.0380859375 0.501953125 0.04296875 0.07421875
4 0.169921875 0.97265625 0.068359375 0.0546875
4 0.15625 0.2666015625 0.0556640625 0.087890625
4 0.1640625 0.7109375 0.0595703125 0.09375
4 0.7236328125 0.5966796875 0.2373046875 0.244140625
4 0.3984375 0.990234375 0.2041015625 0.01953125
4 0.109375 0.0234375 0.064453125 0.046875
4 0.5556640625 0.826171875 0.15234375 0.21484375
4 0.0615234375 0.0322265625 0.0458984375 0.064453125
4 0.0166015625 0.455078125 0.0322265625 0.13671875
4 0.0126953125 0.28125 0.025390625 0.234375
4 0.0322265625 0.3916015625 0.0390625 0.060546875
4 0.208984375 0.9091796875 0.083984375 0.103515625
4 0.5595703125 0.21875 0.158203125 0.1875
4 0.0703125 0.3974609375 0.046875 0.064453125
4 0.0703125 0.5185546875 0.0498046875 0.080078125
4 0.2548828125 0.61328125 0.0810546875 0.11328125
4 0.7333984375 0.1806640625 0.2392578125 0.267578125