4 0.8271484375 0.4599609375 0.259765625 0.08984375
4 0.2216796875 0.330078125 0.0478515625 0.03125
4 0.197265625 0.884765625 0.1298828125 0.0947265625
4 0.2822265625 0.064453125 0.080078125 0.048828125
4 0.841796875 0.30859375 0.3154296875 0.103515625
4 0.615234375 0.2216796875 0.177734375 0.08203125
4 0.0498046875 0.611328125 0.0615234375 0.0400390625
4 0.48046875 0.8984375 0.08203125 0.1103515625
4 0.619140625 0.462890625 0.16796875 0.0712890625
4 0.21484375 0.42578125 0.05859375 0.1240234375
4 0.0791015625 0.7841796875 0.0986328125 0.06640625
4 0.4794921875 0.1552734375 0.1416015625 0.056640625
4 0.6259765625 0.7021484375 0.1767578125 0.103515625
4 0.361328125 0.55859375 0.119140625 0.0517578125
4 0.2822265625 0.7890625 0.080078125 0.060546875
4 0.212890625 0.052734375 0.0751953125 0.056640625
4 0.09375 0.38671875 0.037109375 0.0771484375
4 0.37109375 0.46484375 0.091796875 0.0517578125
4 0.1689453125 0.728515625 0.0654296875 0.0478515625
4 0.9892578125 0.9814453125 0.021484375 0.037109375
4 0.4873046875 0.771484375 0.134765625 0.0986328125
4 0.6259765625 0.833984375 0.1728515625 0.11328125
4 0.9755859375 0.455078125 0.0478515625 0.1025390625
4 0.361328125 0.646484375 0.08984375 0.0546875
4 0.365234375 0.9833984375 0.0712890625 0.033203125
4 0.4716796875 0.666015625 0.1279296875 0.0849609375
4 0.0458984375 0.765625 0.0908203125 0.05078125
4 0.4736328125 0.5673828125 0.1015625 0.06640625
4 0.134765625 0.822265625 0.119140625 0.083984375
4 0.0537109375 0.6162109375 0.064453125 0.03515625
4 0.0908203125 0.578125 0.05078125 0.0302734375
4 0.2294921875 0.74609375 0.068359375 0.0751953125
4 0.2744140625 0.310546875 0.1015625 0.0439453125
4 0.216796875 0.234375 0.0693359375 0.1064453125
4 0.60546875 0.5849609375 0.1787109375 0.076171875
4 0.0380859375 0.4697265625 0.0654296875 0.02734375
4 0.490234375 0.2578125 0.107421875 0.052734375
4 0.0498046875 0.46875 0.0439453125 0.0302734375
4 0.4775390625 0.0380859375 0.1201171875 0.060546875
4 0.01953125 0.64453125 0.0302734375 0.0341796875
4 0.283203125 0.47265625 0.08203125 0.0439453125
4 0.0458984375 0.7353515625 0.0908203125 0.052734375
4 0.6123046875 0.9501953125 0.193359375 0.099609375
4 0.21484375 0.669921875 0.076171875 0.0732421875
4 0.3583984375 0.1962890625 0.115234375 0.056640625
4 0.28515625 0.6279296875 0.076171875 0.044921875
4 0.0947265625 0.396484375 0.0400390625 0.0712890625
4 0.1845703125 0.857421875 0.109375 0.0869140625
4 0.2841796875 0.392578125 0.0791015625 0.0400390625
4 0.0927734375 0.80078125 0.11328125 0.0673828125
4 0.216796875 0.5986328125 0.0712890625 0.068359375
4 0.1318359375 0.529296875 0.041015625 0.0361328125
4 0.375 0.732421875 0.0869140625 0.0751953125
4 0.1005859375 0.685546875 0.0361328125 0.0419921875
4 0.0703125 0.671875 0.0390625 0.04296875
4 0.849609375 0.76171875 0.2451171875 0.1064453125
4 0.271484375 0.55078125 0.0751953125 0.0439453125
4 0.1640625 0.46875 0.041015625 0.0322265625
4 0.21484375 0.443359375 0.0625 0.0927734375
4 0.0302734375 0.701171875 0.0546875 0.05078125
4 0.1640625 0.2421875 0.0556640625 0.0947265625
4 0.283203125 0.244140625 0.09375 0.0537109375
4 0.4765625 0.466796875 0.119140625 0.060546875
4 0.0498046875 0.5654296875 0.0537109375 0.03125
4 0.21875 0.228515625 0.076171875 0.1162109375
4 0.822265625 0.609375 0.2705078125 0.0986328125
4 0.0419921875 0.6796875 0.0732421875 0.0810546875
4 0.162109375 0.533203125 0.0859375 0.0361328125
4 0.0927734375 0.451171875 0.041015625 0.068359375
4 0.2177734375 0.130859375 0.080078125 0.0546875
4 0.1279296875 0.646484375 0.0478515625 0.04296875
4 0.2236328125 0.5302734375 0.0498046875 0.056640625
4 0.0205078125 0.5986328125 0.0400390625 0.033203125
4 0.6064453125 0.341796875 0.126953125 0.0654296875
4 0.8134765625 0.91796875 0.2099609375 0.1572265625
4 0.1552734375 0.658203125 0.0546875 0.0458984375
4 0.373046875 0.0625 0.1015625 0.1240234375
4 0.1669921875 0.4072265625 0.0458984375 0.033203125
4 0.7978515625 0.041015625 0.162109375 0.0810546875
4 0.0234375 0.513671875 0.046875 0.0263671875
4 0.3603515625 0.302734375 0.0712890625 0.044921875
4 0.3740234375 0.3779296875 0.0986328125 0.048828125
4 0.029296875 0.5166015625 0.05859375 0.029296875
4 0.482421875 0.361328125 0.123046875 0.056640625
4 0.6884765625 0.068359375 0.349609375 0.13671875
4 0.12890625 0.70703125 0.060546875 0.044921875
4 0.08984375 0.544921875 0.0537109375 0.0673828125
4 0.3759765625 0.83203125 0.111328125 0.0830078125
4 0.2890625 0.703125 0.087890625 0.052734375
4 0.8388671875 0.16796875 0.265625 0.119140625
4 0.16015625 0.8427734375 0.0947265625 0.0859375