4 0.8408203125 0.30078125 0.318359375 0.1982421875
4 0.71484375 0.193359375 0.23828125 0.2373046875
4 0.576171875 0.17578125 0.1435546875 0.2373046875
4 0.2822265625 0.1953125 0.2763671875 0.2646484375
4 0.203125 0.5703125 0.40625 0.546875
4 0.1845703125 0.263671875 0.369140625 0.14453125
4 0.7265625 0.66015625 0.37109375 0.6796875
4 0.427734375 0.18359375 0.1484375 0.22265625
4 0.81640625 0.4931640625 0.3671875 0.404296875
4 0.1689453125 0.4013671875 0.337890625 0.267578125
4 0.3681640625 0.66015625 0.337890625 0.6796875
4 0.81640625 0.642578125 0.3671875 0.703125
4 0.837890625 0.1982421875 0.32421875 0.173828125