4 0.3642578125 0.5029296875 0.134765625 0.119140625
4 0.6611328125 0.283203125 0.1611328125 0.1015625
4 0.6240234375 0.7802734375 0.16015625 0.099609375
4 0.6240234375 0.544921875 0.15234375 0.11328125
4 0.1005859375 0.255859375 0.1591796875 0.08984375
4 0.09375 0.5341796875 0.16796875 0.130859375
4 0.841796875 0.5166015625 0.16015625 0.091796875
4 0.82421875 0.818359375 0.1494140625 0.08984375
4 0.576171875 0.556640625 0.107421875 0.08984375
4 0.3740234375 0.76171875 0.1484375 0.140625
4 0.8388671875 0.267578125 0.16015625 0.12890625