4 0.9794921875 0.6181640625 0.0400390625 0.083984375
4 0.3896484375 0.5390625 0.2236328125 0.09765625
4 0.8203125 0.3447265625 0.15625 0.080078125
4 0.8037109375 0.7900390625 0.1787109375 0.06640625
4 0.0224609375 0.1240234375 0.044921875 0.083984375
4 0.84375 0.9501953125 0.2109375 0.099609375
4 0.9873046875 0.390625 0.0244140625 0.056640625
4 0.8447265625 0.4296875 0.1259765625 0.0537109375
4 0.93359375 0.8564453125 0.1328125 0.119140625
4 0.046875 0.5634765625 0.09375 0.052734375
4 0.3916015625 0.236328125 0.2373046875 0.1015625
4 0.7822265625 0.669921875 0.1376953125 0.0908203125
4 0.7958984375 0.978515625 0.1484375 0.0419921875
4 0.841796875 0.6025390625 0.11328125 0.05078125
4 0.890625 0.443359375 0.21875 0.1396484375
4 0.85546875 0.9658203125 0.265625 0.068359375
4 0.6201171875 0.076171875 0.2568359375 0.1044921875
4 0.0673828125 0.8701171875 0.1337890625 0.1015625
4 0.6044921875 0.953125 0.2138671875 0.0771484375
4 0.587890625 0.6787109375 0.24609375 0.107421875
4 0.84375 0.8583984375 0.2001953125 0.10546875
4 0.634765625 0.39453125 0.24609375 0.0986328125
4 0.05078125 0.6923828125 0.1015625 0.09765625
4 0.7685546875 0.9248046875 0.0791015625 0.072265625
4 0.8837890625 0.0400390625 0.2314453125 0.080078125
4 0.8759765625 0.6630859375 0.2373046875 0.146484375
4 0.0244140625 0.291015625 0.0478515625 0.0888671875
4 0.3916015625 0.8115234375 0.2119140625 0.103515625
4 0.8193359375 0.0234375 0.1455078125 0.046875
4 0.87890625 0.220703125 0.2421875 0.13671875