4 0.130859375 0.7607421875 0.0458984375 0.0537109375
4 0.0927734375 0.5390625 0.185546875 0.0546875
4 0.1123046875 0.265625 0.08203125 0.05078125
4 0.970703125 0.966796875 0.05078125 0.06640625
4 0.900390625 0.7880859375 0.1640625 0.1279296875
4 0.9755859375 0.52734375 0.048828125 0.0986328125
4 0.0126953125 0.7109375 0.025390625 0.05859375
4 0.1884765625 0.2626953125 0.0341796875 0.0908203125
4 0.0498046875 0.828125 0.099609375 0.068359375
4 0.046875 0.5458984375 0.09375 0.052734375
4 0.0615234375 0.4716796875 0.099609375 0.060546875
4 0.125 0.328125 0.0908203125 0.0556640625
4 0.1396484375 0.6083984375 0.0810546875 0.048828125
4 0.9150390625 0.3525390625 0.169921875 0.21484375
4 0.0517578125 0.7119140625 0.08984375 0.07421875
4 0.1318359375 0.689453125 0.0693359375 0.0458984375
4 0.986328125 0.9599609375 0.02734375 0.056640625
4 0.033203125 0.251953125 0.0654296875 0.0615234375
4 0.111328125 0.3994140625 0.0908203125 0.0478515625
4 0.921875 0.6611328125 0.1552734375 0.1064453125
4 0.025390625 0.6396484375 0.05078125 0.052734375
4 0.1494140625 0.4697265625 0.08203125 0.0537109375
4 0.07421875 0.2119140625 0.099609375 0.060546875
4 0.8935546875 0.9208984375 0.1572265625 0.1025390625
4 0.9169921875 0.1171875 0.16015625 0.109375
4 0.0087890625 0.4921875 0.017578125 0.025390625
4 0.0400390625 0.31640625 0.0791015625 0.0654296875
4 0.068359375 0.615234375 0.0908203125 0.0703125
4 0.0341796875 0.40234375 0.068359375 0.0625
4 0.921875 0.255859375 0.15625 0.08984375
4 0.142578125 0.806640625 0.0556640625 0.037109375
3 0.333984375 0.2373046875 0.021484375 0.1064453125
3 0.5458984375 0.19140625 0.044921875 0.1640625
3 0.572265625 0.3583984375 0.03515625 0.099609375
3 0.435546875 0.2109375 0.0419921875 0.1240234375
3 0.58203125 0.5 0.0322265625 0.1220703125
3 0.4814453125 0.853515625 0.041015625 0.125
3 0.4111328125 0.4853515625 0.0390625 0.1142578125
3 0.3583984375 0.7373046875 0.03515625 0.087890625
3 0.4052734375 0.353515625 0.0322265625 0.1123046875
3 0.2763671875 0.533203125 0.041015625 0.1953125
3 0.5322265625 0.8720703125 0.0458984375 0.1259765625
3 0.626953125 0.6611328125 0.046875 0.1357421875
3 0.3759765625 0.2333984375 0.041015625 0.1220703125
3 0.48046875 0.5009765625 0.046875 0.1474609375
3 0.2333984375 0.3046875 0.033203125 0.109375
3 0.349609375 0.2294921875 0.0322265625 0.109375
3 0.5 0.1884765625 0.0390625 0.1376953125
3 0.5390625 0.361328125 0.041015625 0.1396484375
3 0.3037109375 0.6015625 0.0302734375 0.099609375
3 0.26953125 0.47265625 0.0322265625 0.115234375
3 0.4658203125 0.169921875 0.0361328125 0.140625
3 0.6083984375 0.3388671875 0.0439453125 0.138671875
3 0.3798828125 0.3525390625 0.03515625 0.10546875
3 0.34375 0.8671875 0.03125 0.1044921875
3 0.294921875 0.2451171875 0.0302734375 0.1123046875
3 0.353515625 0.361328125 0.0439453125 0.1083984375
3 0.2861328125 0.5908203125 0.0205078125 0.0927734375
3 0.3125 0.240234375 0.0341796875 0.111328125
3 0.29296875 0.853515625 0.02734375 0.119140625
3 0.4443359375 0.4970703125 0.0400390625 0.1474609375
3 0.3330078125 0.7470703125 0.0400390625 0.1005859375
3 0.1875 0.2626953125 0.033203125 0.0908203125
3 0.34375 0.36328125 0.02734375 0.1044921875
3 0.2529296875 0.2509765625 0.0283203125 0.1201171875
3 0.58984375 0.1865234375 0.0537109375 0.17578125
3 0.4052734375 0.21484375 0.033203125 0.12109375
3 0.462890625 0.3515625 0.0439453125 0.1298828125
3 0.619140625 0.505859375 0.0537109375 0.1533203125
3 0.376953125 0.494140625 0.0302734375 0.1171875
3 0.28515625 0.36328125 0.0458984375 0.1162109375
3 0.3388671875 0.4814453125 0.05078125 0.1181640625
3 0.2451171875 0.5849609375 0.033203125 0.0869140625
3 0.31640625 0.361328125 0.03515625 0.10546875
3 0.1875 0.361328125 0.0390625 0.076171875
3 0.466796875 0.6708984375 0.0322265625 0.111328125
3 0.275390625 0.2470703125 0.02734375 0.109375
3 0.4296875 0.35546875 0.0302734375 0.119140625
3 0.212890625 0.3076171875 0.025390625 0.1044921875
3 0.4990234375 0.353515625 0.0458984375 0.125
3 0.2939453125 0.4853515625 0.0380859375 0.1064453125
3 0.3193359375 0.8603515625 0.02734375 0.1181640625