4 0.2724609375 0.77734375 0.0712890625 0.04296875
4 0.5654296875 0.7490234375 0.0341796875 0.0654296875
4 0.2138671875 0.89453125 0.06640625 0.0654296875
4 0.5625 0.3740234375 0.0546875 0.05078125
4 0.5029296875 0.3564453125 0.05078125 0.0595703125
4 0.185546875 0.783203125 0.07421875 0.0400390625
4 0.5078125 0.2744140625 0.083984375 0.06640625
4 0.3515625 0.19140625 0.0908203125 0.056640625
4 0.5234375 0.513671875 0.0546875 0.0439453125
4 0.5263671875 0.55859375 0.029296875 0.0703125
4 0.15625 0.9091796875 0.0673828125 0.060546875
4 0.572265625 0.4453125 0.041015625 0.0517578125
4 0.0634765625 0.17578125 0.107421875 0.0634765625
4 0.08984375 0.62109375 0.107421875 0.0810546875
4 0.3603515625 0.4375 0.044921875 0.0615234375
4 0.423828125 0.7666015625 0.1015625 0.056640625
4 0.2724609375 0.26953125 0.09765625 0.0595703125
4 0.337890625 0.4345703125 0.0546875 0.060546875
4 0.5537109375 0.4306640625 0.0234375 0.0576171875
4 0.2373046875 0.705078125 0.0791015625 0.0478515625
4 0.28515625 0.5400390625 0.07421875 0.044921875
4 0.5439453125 0.2060546875 0.087890625 0.0712890625
4 0.560546875 0.5244140625 0.0390625 0.0498046875
4 0.1640625 0.439453125 0.107421875 0.0654296875
4 0.4443359375 0.2001953125 0.0908203125 0.05078125
4 0.4365234375 0.3515625 0.0625 0.056640625
4 0.3525390625 0.2626953125 0.0947265625 0.078125
4 0.2734375 0.8818359375 0.0693359375 0.08203125
4 0.08203125 0.3701171875 0.115234375 0.0634765625
4 0.2001953125 0.3564453125 0.1025390625 0.0595703125
4 0.3291015625 0.361328125 0.1015625 0.0478515625
4 0.09765625 0.7939453125 0.1015625 0.0703125
4 0.169921875 0.1787109375 0.10546875 0.0634765625
4 0.4736328125 0.5166015625 0.0419921875 0.0400390625
4 0.5703125 0.607421875 0.0458984375 0.0439453125
4 0.431640625 0.279296875 0.0830078125 0.0537109375
4 0.53515625 0.642578125 0.0234375 0.103515625
4 0.2119140625 0.53515625 0.0810546875 0.0556640625
4 0.255859375 0.1708984375 0.1015625 0.09375
4 0.091796875 0.708984375 0.1005859375 0.080078125
4 0.26953125 0.4326171875 0.0927734375 0.0712890625
4 0.1005859375 0.53515625 0.1025390625 0.0576171875
4 0.5390625 0.83203125 0.07421875 0.0390625
4 0.2890625 0.7021484375 0.037109375 0.0546875
4 0.58984375 0.21875 0.0390625 0.0478515625
4 0.083984375 0.26953125 0.119140625 0.0556640625
4 0.5517578125 0.291015625 0.08203125 0.0537109375
4 0.1611328125 0.7490234375 0.068359375 0.060546875
4 0.18359375 0.6923828125 0.0791015625 0.0654296875
4 0.435546875 0.517578125 0.0283203125 0.0478515625
3 0.8876953125 0.392578125 0.0400390625 0.125
3 0.73828125 0.5341796875 0.0390625 0.1171875
3 0.41015625 0.8037109375 0.0341796875 0.0869140625
3 0.71484375 0.3876953125 0.04296875 0.1318359375
3 0.642578125 0.8388671875 0.115234375 0.11328125
3 0.529296875 0.904296875 0.03515625 0.1005859375
3 0.66015625 0.5380859375 0.1064453125 0.1240234375
3 0.734375 0.68359375 0.0390625 0.119140625
3 0.6611328125 0.5380859375 0.0390625 0.1220703125
3 0.3740234375 0.6591796875 0.0380859375 0.1025390625
3 0.7177734375 0.85546875 0.037109375 0.1220703125
3 0.6982421875 0.68359375 0.04296875 0.12109375
3 0.935546875 0.7880859375 0.0390625 0.08203125
3 0.9248046875 0.39453125 0.0537109375 0.1259765625
3 0.65625 0.6806640625 0.0390625 0.1259765625
3 0.3310546875 0.9326171875 0.0361328125 0.0986328125
3 0.53125 0.7666015625 0.0341796875 0.1103515625
3 0.7451171875 0.2216796875 0.041015625 0.1201171875
3 0.4375 0.939453125 0.0390625 0.12109375
3 0.5009765625 0.462890625 0.0361328125 0.1123046875
3 0.78515625 0.53125 0.0458984375 0.1162109375
3 0.8193359375 0.3818359375 0.04296875 0.125
3 0.70703125 0.2314453125 0.0419921875 0.138671875
3 0.81640625 0.5341796875 0.044921875 0.1162109375
3 0.84765625 0.53125 0.04296875 0.1103515625
3 0.80078125 0.8125 0.0361328125 0.1103515625
3 0.412109375 0.6650390625 0.037109375 0.1181640625
3 0.373046875 0.537109375 0.04296875 0.0947265625
3 0.4150390625 0.4208984375 0.0703125 0.1015625
3 0.49609375 0.5615234375 0.02734375 0.0712890625
3 0.41015625 0.5341796875 0.0380859375 0.0927734375
3 0.357421875 0.8056640625 0.0322265625 0.0908203125
3 0.6884765625 0.853515625 0.0341796875 0.109375
3 0.8779296875 0.5283203125 0.0400390625 0.1103515625
3 0.623046875 0.701171875 0.0458984375 0.1220703125
3 0.857421875 0.6689453125 0.037109375 0.1142578125
3 0.8115234375 0.23828125 0.0615234375 0.12890625
3 0.984375 0.796875 0.0302734375 0.076171875
3 0.4716796875 0.5888671875 0.02734375 0.115234375
3 0.4208984375 0.4150390625 0.068359375 0.1015625
3 0.8291015625 0.8115234375 0.0341796875 0.111328125
3 0.326171875 0.8603515625 0.0390625 0.193359375
3 0.818359375 0.6728515625 0.0400390625 0.12109375
3 0.7841796875 0.67578125 0.041015625 0.1162109375
3 0.884765625 0.2373046875 0.0537109375 0.138671875
3 0.5302734375 0.43359375 0.0244140625 0.1181640625
3 0.6669921875 0.53125 0.1083984375 0.1298828125
3 0.96484375 0.7861328125 0.037109375 0.0771484375
3 0.52734375 0.5595703125 0.0283203125 0.0693359375
3 0.3330078125 0.658203125 0.03515625 0.1015625
3 0.7841796875 0.3837890625 0.0361328125 0.1123046875
3 0.5009765625 0.9130859375 0.048828125 0.09765625
3 0.4697265625 0.4326171875 0.0361328125 0.119140625
3 0.443359375 0.5927734375 0.0322265625 0.1259765625
3 0.9052734375 0.533203125 0.05078125 0.12109375
3 0.8564453125 0.3994140625 0.044921875 0.126953125
3 0.3662109375 0.927734375 0.033203125 0.095703125
3 0.4443359375 0.7998046875 0.0322265625 0.087890625
3 0.85546875 0.2255859375 0.0458984375 0.1220703125
3 0.9208984375 0.240234375 0.0498046875 0.13671875
3 0.75390625 0.5263671875 0.025390625 0.1005859375
3 0.33984375 0.544921875 0.0390625 0.1201171875
3 0.74609375 0.388671875 0.041015625 0.1318359375
3 0.4921875 0.759765625 0.0361328125 0.099609375
3 0.646484375 0.828125 0.037109375 0.11328125
3 0.412109375 0.8828125 0.41796875 0.890625 0.419921875 0.931640625 0.41796875 0.93359375 0.416015625 0.955078125 0.41015625 0.9609375 0.400390625 0.958984375 0.396484375 0.955078125 0.390625 0.943359375 0.390625 0.923828125 0.388671875 0.921875 0.388671875 0.90234375 0.390625 0.900390625 0.392578125 0.8828125 0.39453125 0.880859375 0.408203125 0.880859375 0.41015625 0.8828125
0 0.4853515625 0.6591796875 0.0859375 0.1025390625
0 0.0947265625 0.9013671875 0.0751953125 0.103515625