1 0.3203125 0.41015625 0.51171875 0.3971354166666667 0.572265625 0.3880208333333333 0.5859375 0.3815104166666667 0.6015625 0.3606770833333333 0.6015625 0.30859375 0.5 0.296875 0.484375 0.3138020833333333 0.470703125 0.3138020833333333 0.470703125 0.3294270833333333 0.447265625 0.34375 0.359375 0.3736979166666667 0.2890625 0.3763020833333333 0.2734375 0.3841145833333333 0.275390625 0.3997395833333333 0.3203125 0.41015625
1 0 0.4309895833333333 0.115234375 0.4244791666666667 0.13671875 0.4166666666666667 0.146484375 0.40234375 0.150390625 0.3346354166666667 0.146484375 0.3307291666666667 0.123046875 0.3372395833333333 0.087890625 0.3697916666666667 0.033203125 0.3854166666666667 0 0.4010416666666667 0 0.4309895833333333
1 0.775390625 0.3763020833333333 0.998046875 0.3619791666666667 0.998046875 0.2786458333333333 0.921875 0.3151041666666667 0.81640625 0.3346354166666667 0.767578125 0.3541666666666667 0.765625 0.3671875 0.775390625 0.3763020833333333
1 0.310546875 0.7239583333333334 0.388671875 0.7447916666666666 0.6015625 0.7408854166666666 0.603515625 0.6536458333333334 0.560546875 0.65234375 0.544921875 0.6653645833333334 0.51171875 0.6627604166666666 0.30859375 0.7057291666666666 0.3046875 0.7161458333333334 0.310546875 0.7239583333333334
1 0.02734375 0.7018229166666666 0.146484375 0.7044270833333334 0.1484375 0.640625 0.12890625 0.640625 0.005859375 0.6744791666666666 0 0.69140625 0.02734375 0.7018229166666666
1 0.796875 0.765625 0.859375 0.7838541666666666 0.947265625 0.7994791666666666 0.998046875 0.8020833333333334 0.998046875 0.7005208333333334 0.7890625 0.7369791666666666 0.775390625 0.7434895833333334 0.775390625 0.7526041666666666 0.796875 0.765625
1 0.966796875 0.5755208333333334 0.955078125 0.55859375 0.91796875 0.5638020833333334 0.91796875 0.578125 0.966796875 0.5755208333333334
1 0.892578125 0.5768229166666666 0.89453125 0.5703125 0.87890625 0.5572916666666666 0.869140625 0.5572916666666666 0.865234375 0.5755208333333334 0.892578125 0.5768229166666666
1 0.896484375 0.6888020833333334 0.931640625 0.6979166666666666 0.9921875 0.69921875 0.998046875 0.6966145833333334 0.998046875 0.6236979166666666 0.982421875 0.6263020833333334 0.96875 0.6471354166666666 0.94140625 0.6575520833333334 0.927734375 0.6549479166666666 0.87890625 0.6614583333333334 0.875 0.671875 0.896484375 0.6888020833333334
0 0.505859375 0.7161458333333334 0.55078125 0.7161458333333334 0.603515625 0.7057291666666666 0.6015625 0.6979166666666666 0.544921875 0.703125 0.521484375 0.7018229166666666 0.5 0.6927083333333334 0.490234375 0.70703125 0.505859375 0.7161458333333334
0 0.45466796875 0.3744921875 0.12802734375000002 0.04860677083333339
0 0.0962109375 0.39763020833333335 0.11421875000000001 0.03606770833333339
0 0.10759765625 0.683046875 0.09142578125 0.033971354166666634